"","age_group","estimate","prior_inf","study","month_input","months","ve_pred"
"1","18-49 years","lower",0,NA,-0.693147180559945,0.5,0.686416830280842
"2","18-49 years","lower",1,NA,-0.693147180559945,0.5,0.858110535377598
"3","18-49 years","mean",0,NA,-0.693147180559945,0.5,0.759103154098357
"4","18-49 years","mean",1,NA,-0.693147180559945,0.5,0.872091439276035
"5","18-49 years","upper",0,NA,-0.693147180559945,0.5,0.814252996059615
"6","18-49 years","upper",1,NA,-0.693147180559945,0.5,0.882699275798489
"7","50-64 years","lower",0,NA,-0.693147180559945,0.5,0.692819685375301
"8","50-64 years","lower",1,NA,-0.693147180559945,0.5,0.859342097204496
"9","50-64 years","mean",0,NA,-0.693147180559945,0.5,0.763316748399653
"10","50-64 years","mean",1,NA,-0.693147180559945,0.5,0.872901906141044
"11","50-64 years","upper",0,NA,-0.693147180559945,0.5,0.816805516029266
"12","50-64 years","upper",1,NA,-0.693147180559945,0.5,0.883190242111273
"13","18-49 years","lower",0,NA,0,1,0.630352258072379
"14","18-49 years","lower",1,NA,0,1,0.846519100127854
"15","18-49 years","mean",0,NA,0,1,0.721866231001086
"16","18-49 years","mean",1,NA,0,1,0.864121421908395
"17","18-49 years","upper",0,NA,0,1,0.791301316986944
"18","18-49 years","upper",1,NA,0,1,0.877476964097943
"19","50-64 years","lower",0,NA,0,1,0.638413619233686
"20","50-64 years","lower",1,NA,0,1,0.848069668512215
"21","50-64 years","mean",0,NA,0,1,0.727171255860913
"22","50-64 years","mean",1,NA,0,1,0.865141820779168
"23","50-64 years","upper",0,NA,0,1,0.794515006043348
"24","50-64 years","upper",1,NA,0,1,0.878095103460306
"25","18-49 years","lower",0,NA,0.693147180559945,2,0.559024528923943
"26","18-49 years","lower",1,NA,0.693147180559945,2,0.831184207567397
"27","18-49 years","mean",0,NA,0.693147180559945,2,0.674243001964646
"28","18-49 years","mean",1,NA,0.693147180559945,2,0.853345988688024
"29","18-49 years","upper",0,NA,0.693147180559945,2,0.761663581868579
"30","18-49 years","upper",1,NA,0.693147180559945,2,0.87016096380564
"31","50-64 years","lower",0,NA,0.693147180559945,2,0.56917399237647
"32","50-64 years","lower",1,NA,0.693147180559945,2,0.833136413507908
"33","50-64 years","mean",0,NA,0.693147180559945,2,0.68092216629585
"34","50-64 years","mean",1,NA,0.693147180559945,2,0.854630697416324
"35","50-64 years","upper",0,NA,0.693147180559945,2,0.765709700008319
"36","50-64 years","upper",1,NA,0.693147180559945,2,0.870939217346368
"37","18-49 years","lower",0,NA,1.09861228866811,3,0.50841969677087
"38","18-49 years","lower",1,NA,1.09861228866811,3,0.819835275723797
"39","18-49 years","mean",0,NA,1.09861228866811,3,0.640257108054152
"40","18-49 years","mean",1,NA,1.09861228866811,3,0.845193638625707
"41","18-49 years","upper",0,NA,1.09861228866811,3,0.74028710014879
"42","18-49 years","upper",1,NA,1.09861228866811,3,0.864433980315674
"43","50-64 years","lower",0,NA,1.09861228866811,3,0.520033103477126
"44","50-64 years","lower",1,NA,1.09861228866811,3,0.822069064895763
"45","50-64 years","mean",0,NA,1.09861228866811,3,0.647899664943884
"46","50-64 years","mean",1,NA,1.09861228866811,3,0.8466636517974
"47","50-64 years","upper",0,NA,1.09861228866811,3,0.744916824247817
"48","50-64 years","upper",1,NA,1.09861228866811,3,0.865324487969732
"49","18-49 years","lower",0,NA,1.38629436111989,4,0.467739114071667
"50","18-49 years","lower",1,NA,1.38629436111989,4,0.810395230870093
"51","18-49 years","mean",0,NA,1.38629436111989,4,0.612802169526304
"52","18-49 years","mean",1,NA,1.38629436111989,4,0.838297489933528
"53","18-49 years","upper",0,NA,1.38629436111989,4,0.722866954241866
"54","18-49 years","upper",1,NA,1.38629436111989,4,0.859467981119377
"55","50-64 years","lower",0,NA,1.38629436111989,4,0.480517552639662
"56","50-64 years","lower",1,NA,1.38629436111989,4,0.8128531089441
"57","50-64 years","mean",0,NA,1.38629436111989,4,0.621211411206029
"58","50-64 years","mean",1,NA,1.38629436111989,4,0.839914971649595
"59","50-64 years","upper",0,NA,1.38629436111989,4,0.727961122256693
"60","50-64 years","upper",1,NA,1.38629436111989,4,0.860447822576713
"61","18-49 years","lower",0,NA,1.6094379124341,5,0.433083357736586
"62","18-49 years","lower",1,NA,1.6094379124341,5,0.802114035631801
"63","18-49 years","mean",0,NA,1.6094379124341,5,0.58931205195093
"64","18-49 years","mean",1,NA,1.6094379124341,5,0.832163957615375
"65","18-49 years","upper",0,NA,1.6094379124341,5,0.70784862586497
"66","18-49 years","upper",1,NA,1.6094379124341,5,0.854963961265344
"67","50-64 years","lower",0,NA,1.6094379124341,5,0.446845364646749
"68","50-64 years","lower",1,NA,1.6094379124341,5,0.804761098875
"69","50-64 years","mean",0,NA,1.6094379124341,5,0.598368560810742
"70","50-64 years","mean",1,NA,1.6094379124341,5,0.833905938408656
"71","50-64 years","upper",0,NA,1.6094379124341,5,0.713334896746075
"72","50-64 years","upper",1,NA,1.6094379124341,5,0.856019222034098
"73","18-49 years","lower",0,NA,1.79175946922805,6,0.402544365730455
"74","18-49 years","lower",1,NA,1.79175946922805,6,0.794624682426957
"75","18-49 years","mean",0,NA,1.79175946922805,6,0.568531096844539
"76","18-49 years","mean",1,NA,1.79175946922805,6,0.826551521125636
"77","18-49 years","upper",0,NA,1.79175946922805,6,0.694471459595442
"78","18-49 years","upper",1,NA,1.79175946922805,6,0.850775611932254
"79","50-64 years","lower",0,NA,1.79175946922805,6,0.417165946945576
"80","50-64 years","lower",1,NA,1.79175946922805,6,0.797437081115946
"81","50-64 years","mean",0,NA,1.79175946922805,6,0.578153274822186
"82","50-64 years","mean",1,NA,1.79175946922805,6,0.828402305957414
"83","50-64 years","upper",0,NA,1.79175946922805,6,0.700300402697991
"84","50-64 years","upper",1,NA,1.79175946922805,6,0.851896784239039
"85","18-49 years","lower",0,NA,1.94591014905531,7,0.375028701503348
"86","18-49 years","lower",1,NA,1.94591014905531,7,0.787716853405921
"87","18-49 years","mean",0,NA,1.94591014905531,7,0.549739734898184
"88","18-49 years","mean",1,NA,1.94591014905531,7,0.821321774381459
"89","18-49 years","upper",0,NA,1.94591014905531,7,0.682299553232145
"90","18-49 years","upper",1,NA,1.94591014905531,7,0.846819089193724
"91","50-64 years","lower",0,NA,1.94591014905531,7,0.390418796523682
"92","50-64 years","lower",1,NA,1.94591014905531,7,0.790677072442549
"93","50-64 years","mean",0,NA,1.94591014905531,7,0.559867656851345
"94","50-64 years","mean",1,NA,1.94591014905531,7,0.823269836906584
"95","50-64 years","upper",0,NA,1.94591014905531,7,0.688434866978074
"96","50-64 years","upper",1,NA,1.94591014905531,7,0.847999190585066
"97","18-49 years","lower",0,NA,2.07944154167984,8,0.349844505673032
"98","18-49 years","lower",1,NA,2.07944154167984,8,0.781257472371878
"99","18-49 years","mean",0,NA,2.07944154167984,8,0.53248266691998
"100","18-49 years","mean",1,NA,2.07944154167984,8,0.816387142528144
"101","18-49 years","upper",0,NA,2.07944154167984,8,0.671057094678243
"102","18-49 years","upper",1,NA,2.07944154167984,8,0.843041341771089
"103","50-64 years","lower",0,NA,2.07944154167984,8,0.365932892315318
"104","50-64 years","lower",1,NA,2.07944154167984,8,0.784352004819156
"105","50-64 years","mean",0,NA,2.07944154167984,8,0.54307012099678
"106","50-64 years","mean",1,NA,2.07944154167984,8,0.818423594094308
"107","50-64 years","upper",0,NA,2.07944154167984,8,0.677470784755259
"108","50-64 years","upper",1,NA,2.07944154167984,8,0.8442749876606
"109","18-49 years","lower",0,NA,2.19722457733622,9,0.326522979467272
"110","18-49 years","lower",1,NA,2.19722457733622,9,0.775156367883513
"111","18-49 years","mean",0,NA,2.19722457733622,9,0.516451385563438
"112","18-49 years","mean",1,NA,2.19722457733622,9,0.81168828549542
"113","18-49 years","upper",0,NA,2.19722457733622,9,0.660557195708058
"114","18-49 years","upper",1,NA,2.19722457733622,9,0.839406422512455
"115","50-64 years","lower",0,NA,2.19722457733622,9,0.343253555436534
"116","50-64 years","lower",1,NA,2.19722457733622,9,0.778374422704651
"117","50-64 years","mean",0,NA,2.19722457733622,9,0.527461451935624
"118","50-64 years","mean",1,NA,2.19722457733622,9,0.813806024731365
"119","50-64 years","upper",0,NA,2.19722457733622,9,0.667226896745374
"120","50-64 years","upper",1,NA,2.19722457733622,9,0.840689311016599
"121","18-49 years","lower",0,NA,2.30258509299405,10,0.304730058769406
"122","18-49 years","lower",1,NA,2.30258509299405,10,0.76934928413498
"123","18-49 years","mean",0,NA,2.30258509299405,10,0.50142604973619
"124","18-49 years","mean",1,NA,2.30258509299405,10,0.807182917788246
"125","18-49 years","upper",0,NA,2.30258509299405,10,0.650666680524801
"126","18-49 years","upper",1,NA,2.30258509299405,10,0.835888715622184
"127","50-64 years","lower",0,NA,2.30258509299405,10,0.322056783546176
"128","50-64 years","lower",1,NA,2.30258509299405,10,0.772682005632725
"129","50-64 years","mean",0,NA,2.30258509299405,10,0.512828430034115
"130","50-64 years","mean",1,NA,2.30258509299405,10,0.809376116931993
"131","50-64 years","upper",0,NA,2.30258509299405,10,0.657574038312677
"132","50-64 years","upper",1,NA,2.30258509299405,10,0.837217316387121
"133","18-49 years","lower",0,NA,2.39789527279837,11,0.284218303058618
"134","18-49 years","lower",1,NA,2.39789527279837,11,0.76378862699907
"135","18-49 years","mean",0,NA,2.39789527279837,11,0.487243823648104
"136","18-49 years","mean",1,NA,2.39789527279837,11,0.80283971863796
"137","18-49 years","upper",0,NA,2.39789527279837,11,0.641286906122914
"138","18-49 years","upper",1,NA,2.39789527279837,11,0.832469247539523
"139","50-64 years","lower",0,NA,2.39789527279837,11,0.302102588857349
"140","50-64 years","lower",1,NA,2.39789527279837,11,0.767228592977705
"141","50-64 years","mean",0,NA,2.39789527279837,11,0.499013124001238
"142","50-64 years","mean",1,NA,2.39789527279837,11,0.805103493286987
"143","50-64 years","upper",0,NA,2.39789527279837,11,0.648416537509342
"144","50-64 years","upper",1,NA,2.39789527279837,11,0.833840601681675
"145","18-49 years","lower",0,NA,2.484906649788,12,0.26479872527098
"146","18-49 years","lower",1,NA,2.484906649788,12,0.758438045621317
"147","18-49 years","mean",0,NA,2.484906649788,12,0.473780338591181
"148","18-49 years","mean",1,NA,2.484906649788,12,0.798634766254836
"149","18-49 years","upper",0,NA,2.484906649788,12,0.632342532166316
"150","18-49 years","upper",1,NA,2.484906649788,12,0.829133526872651
"151","50-64 years","lower",0,NA,2.484906649788,12,0.283207676463158
"152","50-64 years","lower",1,NA,2.484906649788,12,0.761978928747213
"153","50-64 years","mean",0,NA,2.484906649788,12,0.485894911026738
"154","50-64 years","mean",1,NA,2.484906649788,12,0.800964952514047
"155","50-64 years","upper",0,NA,2.484906649788,12,0.639681323197059
"156","50-64 years","upper",1,NA,2.484906649788,12,0.830545111978938
"157","18-49 years","lower",0,NA,2.56494935746154,13,0.246323338634782
"158","18-49 years","lower",1,NA,2.56494935746154,13,0.753269075378323
"159","18-49 years","mean",0,NA,2.56494935746154,13,0.460938207351633
"160","18-49 years","mean",1,NA,2.56494935746154,13,0.7945493286243
"161","18-49 years","upper",0,NA,2.56494935746154,13,0.623774563224928
"162","18-49 years","upper",1,NA,2.56494935746154,13,0.825870206102598
"163","50-64 years","lower",0,NA,2.56494935746154,13,0.265228516849052
"164","50-64 years","lower",1,NA,2.56494935746154,13,0.756905405652229
"165","50-64 years","mean",0,NA,2.56494935746154,13,0.473379337130998
"166","50-64 years","mean",1,NA,2.56494935746154,13,0.796942326793666
"167","50-64 years","upper",0,NA,2.56494935746154,13,0.631311176846481
"168","50-64 years","upper",1,NA,2.56494935746154,13,0.827319841539205
"169","18-49 years","lower",0,NA,2.63905732961526,14,0.228673840111019
"170","18-49 years","lower",1,NA,2.63905732961526,14,0.748258961185882
"171","18-49 years","mean",0,NA,2.63905732961526,14,0.448639577002348
"172","18-49 years","mean",1,NA,2.63905732961526,14,0.79056843106838
"173","18-49 years","upper",0,NA,2.63905732961526,14,0.615535837389715
"174","18-49 years","upper",1,NA,2.63905732961526,14,0.822670213837619
"175","50-64 years","lower",0,NA,2.63905732961526,14,0.2480503701801
"176","50-64 years","lower",1,NA,2.63905732961526,14,0.751985953975628
"177","50-64 years","mean",0,NA,2.63905732961526,14,0.461390894262148
"178","50-64 years","mean",1,NA,2.63905732961526,14,0.793021092474607
"179","50-64 years","upper",0,NA,2.63905732961526,14,0.623260357032002
"180","50-64 years","upper",1,NA,2.63905732961526,14,0.824155992194652
"181","18-49 years","lower",0,NA,2.70805020110221,15,0.21175399274616
"182","18-49 years","lower",1,NA,2.70805020110221,15,0.743389192277069
"183","18-49 years","mean",0,NA,2.70805020110221,15,0.436821115877533
"184","18-49 years","mean",1,NA,2.70805020110221,15,0.78667989201169
"185","18-49 years","upper",0,NA,2.70805020110221,15,0.607587989471698
"186","18-49 years","upper",1,NA,2.70805020110221,15,0.819526170697494
"187","50-64 years","lower",0,NA,2.70805020110221,15,0.231579898091915
"188","50-64 years","lower",1,NA,2.70805020110221,15,0.747202620481725
"189","50-64 years","mean",0,NA,2.70805020110221,15,0.449868158259485
"190","50-64 years","mean",1,NA,2.70805020110221,15,0.78918943488194
"191","50-64 years","upper",0,NA,2.70805020110221,15,0.615491654097068
"192","50-64 years","upper",1,NA,2.70805020110221,15,0.821046406826785
"193","18-49 years","lower",0,NA,2.77258872223978,16,0.195484334325638
"194","18-49 years","lower",1,NA,2.77258872223978,16,0.738644484434343
"195","18-49 years","mean",0,NA,2.77258872223978,16,0.42543053144057
"196","18-49 years","mean",1,NA,2.77258872223978,16,0.782873653208185
"197","18-49 years","upper",0,NA,2.77258872223978,16,0.599899341588662
"198","18-49 years","upper",1,NA,2.77258872223978,16,0.816431983576895
"199","50-64 years","lower",0,NA,2.77258872223978,16,0.215740031715771
"200","50-64 years","lower",1,NA,2.77258872223978,16,0.74254058130283
"201","50-64 years","mean",0,NA,2.77258872223978,16,0.438760411600704
"202","50-64 years","mean",1,NA,2.77258872223978,16,0.785437598716895
"203","50-64 years","upper",0,NA,2.77258872223978,16,0.607974344274926
"204","50-64 years","upper",1,NA,2.77258872223978,16,0.81798517585031
"205","18-49 years","lower",0,NA,2.83321334405622,17,0.179798402352077
"206","18-49 years","lower",1,NA,2.83321334405622,17,0.734012053880237
"207","18-49 years","mean",0,NA,2.83321334405622,17,0.414424086015681
"208","18-49 years","mean",1,NA,2.83321334405622,17,0.779141301902759
"209","18-49 years","upper",0,NA,2.83321334405622,17,0.592443398239885
"210","18-49 years","upper",1,NA,2.83321334405622,17,0.813382556179438
"211","50-64 years","lower",0,NA,2.83321334405622,17,0.200466310357825
"212","50-64 years","lower",1,NA,2.83321334405622,17,0.737987437699833
"213","50-64 years","mean",0,NA,2.83321334405622,17,0.428025233957962
"214","50-64 years","mean",1,NA,2.83321334405622,17,0.781757424610614
"215","50-64 years","upper",0,NA,2.83321334405622,17,0.600682730090645
"216","50-64 years","upper",1,NA,2.83321334405622,17,0.814967356465693
"217","18-49 years","lower",0,NA,2.89037175789616,18,0.16463997806281
"218","18-49 years","lower",1,NA,2.89037175789616,18,0.729481087175895
"219","18-49 years","mean",0,NA,2.89037175789616,18,0.403764783129493
"220","18-49 years","mean",1,NA,2.89037175789616,18,0.775475721981793
"221","18-49 years","upper",0,NA,2.89037175789616,18,0.58519774762434
"222","18-49 years","upper",1,NA,2.89037175789616,18,0.810373577690928
"223","50-64 years","lower",0,NA,2.89037175789616,18,0.185704208524879
"224","50-64 years","lower",1,NA,2.89037175789616,18,0.733532701927029
"225","50-64 years","mean",0,NA,2.89037175789616,18,0.417626743165566
"226","50-64 years","mean",1,NA,2.89037175789616,18,0.7781420107818
"227","50-64 years","upper",0,NA,2.89037175789616,18,0.593595074770832
"228","50-64 years","upper",1,NA,2.89037175789616,18,0.811988767697422
"229","18-49 years","lower",0,NA,2.94443897916644,19,0.149961033628035
"230","18-49 years","lower",1,NA,2.94443897916644,19,0.725042346373413
"231","18-49 years","mean",0,NA,2.94443897916644,19,0.393421016602112
"232","18-49 years","mean",1,NA,2.94443897916644,19,0.771870834131595
"233","18-49 years","upper",0,NA,2.94443897916644,19,0.578143243284258
"234","18-49 years","upper",1,NA,2.94443897916644,19,0.807401365372001
"235","50-64 years","lower",0,NA,2.94443897916644,19,0.17140714495148
"236","50-64 years","lower",1,NA,2.94443897916644,19,0.729167414276985
"237","50-64 years","mean",0,NA,2.94443897916644,19,0.40753428499946
"238","50-64 years","mean",1,NA,2.94443897916644,19,0.774585461021401
"239","50-64 years","upper",0,NA,2.94443897916644,19,0.58669280853552
"240","50-64 years","upper",1,NA,2.94443897916644,19,0.809045837727645
"241","18-49 years","lower",0,NA,2.99573227355399,20,0.135720175907565
"242","18-49 years","lower",1,NA,2.99573227355399,20,0.72068786967909
"243","18-49 years","mean",0,NA,2.99573227355399,20,0.383365546413729
"244","18-49 years","mean",1,NA,2.99573227355399,20,0.768321398850713
"245","18-49 years","upper",0,NA,2.99573227355399,20,0.57126338370346
"246","18-49 years","upper",1,NA,2.99573227355399,20,0.804462745226507
"247","50-64 years","lower",0,NA,2.99573227355399,20,0.157534973229622
"248","50-64 years","lower",1,NA,2.99573227355399,20,0.724883852759611
"249","50-64 years","mean",0,NA,2.99573227355399,20,0.397721439890015
"250","50-64 years","mean",1,NA,2.99573227355399,20,0.771082693638052
"251","50-64 years","upper",0,NA,2.99573227355399,20,0.579959926882553
"252","50-64 years","upper",1,NA,2.99573227355399,20,0.806135488158737
"253","18-49 years","lower",0,NA,3.04452243772342,21,0.12188144806766
"254","18-49 years","lower",1,NA,3.04452243772342,21,0.716410740949551
"255","18-49 years","mean",0,NA,3.04452243772342,21,0.373574710071988
"256","18-49 years","mean",1,NA,3.04452243772342,21,0.764822864759818
"257","18-49 years","upper",0,NA,3.04452243772342,21,0.56454383456783
"258","18-49 years","upper",1,NA,3.04452243772342,21,0.801554960110357
"259","50-64 years","lower",0,NA,3.04452243772342,21,0.14405281952003
"260","50-64 years","lower",1,NA,3.04452243772342,21,0.72067530954089
"261","50-64 years","mean",0,NA,3.04452243772342,21,0.38816525804245
"262","50-64 years","mean",1,NA,3.04452243772342,21,0.767629294336759
"263","50-64 years","upper",0,NA,3.04452243772342,21,0.573382527237245
"264","50-64 years","upper",1,NA,3.04452243772342,21,0.803255044889843
"265","18-49 years","lower",0,NA,3.09104245335832,22,0.108413393805983
"266","18-49 years","lower",1,NA,3.09104245335832,22,0.712204909699409
"267","18-49 years","mean",0,NA,3.09104245335832,22,0.364027806796639
"268","18-49 years","mean",1,NA,3.09104245335832,22,0.761371250152257
"269","18-49 years","upper",0,NA,3.09104245335832,22,0.557972055715408
"270","18-49 years","upper",1,NA,3.09104245335832,22,0.798675597976965
"271","50-64 years","lower",0,NA,3.09104245335832,22,0.130930174961999
"272","50-64 years","lower",1,NA,3.09104245335832,22,0.716535916371789
"273","50-64 years","mean",0,NA,3.09104245335832,22,0.378845662169413
"274","50-64 years","mean",1,NA,3.09104245335832,22,0.764221401337063
"275","50-64 years","upper",0,NA,3.09104245335832,22,0.566948447138467
"276","50-64 years","upper",1,NA,3.09104245335832,22,0.800402168523518
"277","18-49 years","lower",0,NA,3.13549421592915,23,0.095288317427742
"278","18-49 years","lower",1,NA,3.13549421592915,23,0.708065048780078
"279","18-49 years","mean",0,NA,3.13549421592915,23,0.354706610590058
"280","18-49 years","mean",1,NA,3.13549421592915,23,0.757963049335239
"281","18-49 years","upper",0,NA,3.13549421592915,23,0.551537006163229
"282","18-49 years","upper",1,NA,3.13549421592915,23,0.795822535140419
"283","50-64 years","lower",0,NA,3.13549421592915,23,0.118140178035526
"284","50-64 years","lower",1,NA,3.13549421592915,23,0.712460506553675
"285","50-64 years","mean",0,NA,3.13549421592915,23,0.369744975227468
"286","50-64 years","mean",1,NA,3.13549421592915,23,0.760855614535168
"287","50-64 years","upper",0,NA,3.13549421592915,23,0.56064697814987
"288","50-64 years","upper",1,NA,3.13549421592915,23,0.797574799337773
"289","18-49 years","lower",0,NA,3.17805383034795,24,0.082481692127279
"290","18-49 years","lower",1,NA,3.17805383034795,24,0.703986440565257
"291","18-49 years","mean",0,NA,3.17805383034795,24,0.345594980838875
"292","18-49 years","mean",1,NA,3.17805383034795,24,0.754595157730731
"293","18-49 years","upper",0,NA,3.17805383034795,24,0.545228908216762
"294","18-49 years","upper",1,NA,3.17805383034795,24,0.792993890902944
"295","50-64 years","lower",0,NA,3.17805383034795,24,0.105659040665037
"296","50-64 years","lower",1,NA,3.17805383034795,24,0.708444504551827
"297","50-64 years","mean",0,NA,3.17805383034795,24,0.360847542747134
"298","50-64 years","mean",1,NA,3.17805383034795,24,0.75752892286074
"299","50-64 years","upper",0,NA,3.17805383034795,24,0.554468637074187
"300","50-64 years","upper",1,NA,3.17805383034795,24,0.794771113280122
"301","65-74 years","lower",0,NA,-0.693147180559945,0.5,0.706481921727058
"302","65-74 years","lower",1,NA,-0.693147180559945,0.5,0.861969970006967
"303","65-74 years","mean",0,NA,-0.693147180559945,0.5,0.772307600197087
"304","65-74 years","mean",1,NA,-0.693147180559945,0.5,0.874631258078839
"305","65-74 years","upper",0,NA,-0.693147180559945,0.5,0.822252013037785
"306","65-74 years","upper",1,NA,-0.693147180559945,0.5,0.884237852545534
"307","65-74 years","lower",0,NA,0,1,0.655614730281471
"308","65-74 years","lower",1,NA,0,1,0.851378228745763
"309","65-74 years","mean",0,NA,0,1,0.738490972208957
"310","65-74 years","mean",1,NA,0,1,0.867319119865264
"311","65-74 years","upper",0,NA,0,1,0.801372287490752
"312","65-74 years","upper",1,NA,0,1,0.87941407225506
"313","65-74 years","lower",0,NA,0.693147180559945,2,0.590830638745362
"314","65-74 years","lower",1,NA,0.693147180559945,2,0.837301976928147
"315","65-74 years","mean",0,NA,0.693147180559945,2,0.695173983708385
"316","65-74 years","mean",1,NA,0.693147180559945,2,0.857371973617373
"317","65-74 years","upper",0,NA,0.693147180559945,2,0.774343195771811
"318","65-74 years","upper",1,NA,0.693147180559945,2,0.872599833377521
"319","65-74 years","lower",0,NA,1.09861228866811,3,0.544813471754907
"320","65-74 years","lower",1,NA,1.09861228866811,3,0.826835462881846
"321","65-74 years","mean",0,NA,1.09861228866811,3,0.664207142939072
"322","65-74 years","mean",1,NA,1.09861228866811,3,0.849800325530536
"323","65-74 years","upper",0,NA,1.09861228866811,3,0.75479560237901
"324","65-74 years","upper",1,NA,1.09861228866811,3,0.867224628744947
"325","65-74 years","lower",0,NA,1.38629436111989,4,0.507783833907442
"326","65-74 years","lower",1,NA,1.38629436111989,4,0.81809766167495
"327","65-74 years","mean",0,NA,1.38629436111989,4,0.639154820149779
"328","65-74 years","mean",1,NA,1.38629436111989,4,0.843366309712622
"329","65-74 years","upper",0,NA,1.38629436111989,4,0.738830918059874
"330","65-74 years","upper",1,NA,1.38629436111989,4,0.862538581367892
"331","65-74 years","lower",0,NA,1.6094379124341,5,0.476210357030206
"332","65-74 years","lower",1,NA,1.6094379124341,5,0.810409329724068
"333","65-74 years","mean",0,NA,1.6094379124341,5,0.617693090686735
"334","65-74 years","mean",1,NA,1.6094379124341,5,0.837622929183387
"335","65-74 years","upper",0,NA,1.6094379124341,5,0.725041350876559
"336","65-74 years","upper",1,NA,1.6094379124341,5,0.858270908480652
"337","65-74 years","lower",0,NA,1.79175946922805,6,0.448365075373498
"338","65-74 years","lower",1,NA,1.79175946922805,6,0.803438100198447
"339","65-74 years","mean",0,NA,1.79175946922805,6,0.598684813926211
"340","65-74 years","mean",1,NA,1.79175946922805,6,0.83235145980128
"341","65-74 years","upper",0,NA,1.79175946922805,6,0.712738041403401
"342","65-74 years","upper",1,NA,1.79175946922805,6,0.854289110915243
"343","65-74 years","lower",0,NA,1.94591014905531,7,0.423257758602609
"344","65-74 years","lower",1,NA,1.94591014905531,7,0.796993506523087
"345","65-74 years","mean",0,NA,1.94591014905531,7,0.581478338560508
"346","65-74 years","mean",1,NA,1.94591014905531,7,0.827426559220868
"347","65-74 years","upper",0,NA,1.94591014905531,7,0.701526230948127
"348","65-74 years","upper",1,NA,1.94591014905531,7,0.850517258523462
"349","65-74 years","lower",0,NA,2.07944154167984,8,0.400261849879202
"350","65-74 years","lower",1,NA,2.07944154167984,8,0.79095503316654
"351","65-74 years","mean",0,NA,2.07944154167984,8,0.565661339730714
"352","65-74 years","mean",1,NA,2.07944154167984,8,0.822768918516832
"353","65-74 years","upper",0,NA,2.07944154167984,8,0.691156140495222
"354","65-74 years","upper",1,NA,2.07944154167984,8,0.846907307378635
"355","65-74 years","lower",0,NA,2.19722457733622,9,0.37895279894915
"356","65-74 years","lower",1,NA,2.19722457733622,9,0.785241019700942
"357","65-74 years","mean",0,NA,2.19722457733622,9,0.550954429178778
"358","65-74 years","mean",1,NA,2.19722457733622,9,0.818324798551174
"359","65-74 years","upper",0,NA,2.19722457733622,9,0.681458521641312
"360","65-74 years","upper",1,NA,2.19722457733622,9,0.843426703273336
"361","65-74 years","lower",0,NA,2.30258509299405,10,0.359028073011551
"362","65-74 years","lower",1,NA,2.30258509299405,10,0.779793275234341
"363","65-74 years","mean",0,NA,2.30258509299405,10,0.537158515957453
"364","65-74 years","mean",1,NA,2.30258509299405,10,0.814055905030631
"365","65-74 years","upper",0,NA,2.30258509299405,10,0.672312768655924
"366","65-74 years","upper",1,NA,2.30258509299405,10,0.840052248210489
"367","65-74 years","lower",0,NA,2.39789527279837,11,0.340263586718459
"368","65-74 years","lower",1,NA,2.39789527279837,11,0.774568697907266
"369","65-74 years","mean",0,NA,2.39789527279837,11,0.524126133861244
"370","65-74 years","mean",1,NA,2.39789527279837,11,0.809933873460494
"371","65-74 years","upper",0,NA,2.39789527279837,11,0.663629549152629
"372","65-74 years","upper",1,NA,2.39789527279837,11,0.83676675948716
"373","65-74 years","lower",0,NA,2.484906649788,12,0.32248819093133
"374","65-74 years","lower",1,NA,2.484906649788,12,0.769534367914001
"375","65-74 years","mean",0,NA,2.484906649788,12,0.511744652973623
"376","65-74 years","mean",1,NA,2.484906649788,12,0.805937039957431
"377","65-74 years","upper",0,NA,2.484906649788,12,0.655340633945
"378","65-74 years","upper",1,NA,2.484906649788,12,0.833557113510785
"379","65-74 years","lower",0,NA,2.56494935746154,13,0.305567866908526
"380","65-74 years","lower",1,NA,2.56494935746154,13,0.764664507322068
"381","65-74 years","mean",0,NA,2.56494935746154,13,0.499925878169491
"382","65-74 years","mean",1,NA,2.56494935746154,13,0.802048440565865
"383","65-74 years","upper",0,NA,2.56494935746154,13,0.64739259600567
"384","65-74 years","upper",1,NA,2.56494935746154,13,0.830413033820873
"385","65-74 years","lower",0,NA,2.63905732961526,14,0.289395477882102
"386","65-74 years","lower",1,NA,2.63905732961526,14,0.7599385088318
"387","65-74 years","mean",0,NA,2.63905732961526,14,0.488599304827364
"388","65-74 years","mean",1,NA,2.63905732961526,14,0.79825451402302
"389","65-74 years","upper",0,NA,2.63905732961526,14,0.639742724897559
"390","65-74 years","upper",1,NA,2.63905732961526,14,0.827326305247292
"391","65-74 years","lower",0,NA,2.70805020110221,15,0.273883870417585
"392","65-74 years","lower",1,NA,2.70805020110221,15,0.755339608852361
"393","65-74 years","mean",0,NA,2.70805020110221,15,0.477707578968519
"394","65-74 years","mean",1,NA,2.70805020110221,15,0.794544228536085
"395","65-74 years","upper",0,NA,2.70805020110221,15,0.632356276607466
"396","65-74 years","upper",1,NA,2.70805020110221,15,0.824290244927516
"397","65-74 years","lower",0,NA,2.77258872223978,16,0.258961082501874
"398","65-74 years","lower",1,NA,2.77258872223978,16,0.750853965797926
"399","65-74 years","mean",0,NA,2.77258872223978,16,0.46720334379293
"400","65-74 years","mean",1,NA,2.77258872223978,16,0.790908475226864
"401","65-74 years","upper",0,NA,2.77258872223978,16,0.625204563234012
"402","65-74 years","upper",1,NA,2.77258872223978,16,0.821299334866259
"403","65-74 years","lower",0,NA,2.83321334405622,17,0.244566924834525
"404","65-74 years","lower",1,NA,2.83321334405622,17,0.746470002513659
"405","65-74 years","mean",0,NA,2.83321334405622,17,0.457046989893605
"406","65-74 years","mean",1,NA,2.83321334405622,17,0.787339635395118
"407","65-74 years","upper",0,NA,2.83321334405622,17,0.618263590107775
"408","65-74 years","upper",1,NA,2.83321334405622,17,0.818348959791353
"409","65-74 years","lower",0,NA,2.89037175789616,18,0.230650484974228
"410","65-74 years","lower",1,NA,2.89037175789616,18,0.742177926208952
"411","65-74 years","mean",0,NA,2.89037175789616,18,0.447205012783965
"412","65-74 years","mean",1,NA,2.89037175789616,18,0.783831264595972
"413","65-74 years","upper",0,NA,2.89037175789616,18,0.611513060810794
"414","65-74 years","upper",1,NA,2.89037175789616,18,0.815435215773503
"415","65-74 years","lower",0,NA,2.94443897916644,19,0.217168268294812
"416","65-74 years","lower",1,NA,2.94443897916644,19,0.737969370878255
"417","65-74 years","mean",0,NA,2.94443897916644,19,0.437648789497185
"418","65-74 years","mean",1,NA,2.94443897916644,19,0.780377857324023
"419","65-74 years","upper",0,NA,2.94443897916644,19,0.604935636062351
"420","65-74 years","upper",1,NA,2.94443897916644,19,0.812554767676128
"421","65-74 years","lower",0,NA,2.99573227355399,20,0.204082788631155
"422","65-74 years","lower",1,NA,2.99573227355399,20,0.733837126217832
"423","65-74 years","mean",0,NA,2.99573227355399,20,0.428353651117693
"424","65-74 years","mean",1,NA,2.99573227355399,20,0.776974668618737
"425","65-74 years","upper",0,NA,2.99573227355399,20,0.598516371875172
"426","65-74 years","upper",1,NA,2.99573227355399,20,0.809704741087111
"427","65-74 years","lower",0,NA,3.04452243772342,21,0.191361483007828
"428","65-74 years","lower",1,NA,3.04452243772342,21,0.729774928878456
"429","65-74 years","mean",0,NA,3.04452243772342,21,0.419298168585221
"430","65-74 years","mean",1,NA,3.04452243772342,21,0.773617576691909
"431","65-74 years","upper",0,NA,3.04452243772342,21,0.592242286908302
"432","65-74 years","upper",1,NA,3.04452243772342,21,0.806882639100972
"433","65-74 years","lower",0,NA,3.09104245335832,22,0.178975864189063
"434","65-74 years","lower",1,NA,3.09104245335832,22,0.725777299462013
"435","65-74 years","mean",0,NA,3.09104245335832,22,0.410463595004436
"436","65-74 years","mean",1,NA,3.09104245335832,22,0.7703029756583
"437","65-74 years","upper",0,NA,3.09104245335832,22,0.586102024628273
"438","65-74 years","upper",1,NA,3.09104245335832,22,0.804086277337007
"439","65-74 years","lower",0,NA,3.13549421592915,23,0.16690085059411
"440","65-74 years","lower",1,NA,3.13549421592915,23,0.721839413633586
"441","65-74 years","mean",0,NA,3.13549421592915,23,0.401833424675279
"442","65-74 years","mean",1,NA,3.13549421592915,23,0.76702769071701
"443","65-74 years","upper",0,NA,3.13549421592915,23,0.580085586177577
"444","65-74 years","upper",1,NA,3.13549421592915,23,0.801313732557687
"445","65-74 years","lower",0,NA,3.17805383034795,24,0.155114230429356
"446","65-74 years","lower",1,NA,3.17805383034795,24,0.717956999049551
"447","65-74 years","mean",0,NA,3.17805383034795,24,0.393393040448742
"448","65-74 years","mean",1,NA,3.17805383034795,24,0.763788910321866
"449","65-74 years","upper",0,NA,3.17805383034795,24,0.574184116749112
"450","65-74 years","upper",1,NA,3.17805383034795,24,0.798563301578691
"451","75+ years","lower",0,NA,-0.693147180559945,0.5,0.706481921727058
"452","75+ years","lower",1,NA,-0.693147180559945,0.5,0.861969970006967
"453","75+ years","mean",0,NA,-0.693147180559945,0.5,0.772307600197087
"454","75+ years","mean",1,NA,-0.693147180559945,0.5,0.874631258078839
"455","75+ years","upper",0,NA,-0.693147180559945,0.5,0.822252013037785
"456","75+ years","upper",1,NA,-0.693147180559945,0.5,0.884237852545534
"457","75+ years","lower",0,NA,0,1,0.655614730281471
"458","75+ years","lower",1,NA,0,1,0.851378228745763
"459","75+ years","mean",0,NA,0,1,0.738490972208957
"460","75+ years","mean",1,NA,0,1,0.867319119865264
"461","75+ years","upper",0,NA,0,1,0.801372287490752
"462","75+ years","upper",1,NA,0,1,0.87941407225506
"463","75+ years","lower",0,NA,0.693147180559945,2,0.590830638745362
"464","75+ years","lower",1,NA,0.693147180559945,2,0.837301976928147
"465","75+ years","mean",0,NA,0.693147180559945,2,0.695173983708385
"466","75+ years","mean",1,NA,0.693147180559945,2,0.857371973617373
"467","75+ years","upper",0,NA,0.693147180559945,2,0.774343195771811
"468","75+ years","upper",1,NA,0.693147180559945,2,0.872599833377521
"469","75+ years","lower",0,NA,1.09861228866811,3,0.544813471754907
"470","75+ years","lower",1,NA,1.09861228866811,3,0.826835462881846
"471","75+ years","mean",0,NA,1.09861228866811,3,0.664207142939072
"472","75+ years","mean",1,NA,1.09861228866811,3,0.849800325530536
"473","75+ years","upper",0,NA,1.09861228866811,3,0.75479560237901
"474","75+ years","upper",1,NA,1.09861228866811,3,0.867224628744947
"475","75+ years","lower",0,NA,1.38629436111989,4,0.507783833907442
"476","75+ years","lower",1,NA,1.38629436111989,4,0.81809766167495
"477","75+ years","mean",0,NA,1.38629436111989,4,0.639154820149779
"478","75+ years","mean",1,NA,1.38629436111989,4,0.843366309712622
"479","75+ years","upper",0,NA,1.38629436111989,4,0.738830918059874
"480","75+ years","upper",1,NA,1.38629436111989,4,0.862538581367892
"481","75+ years","lower",0,NA,1.6094379124341,5,0.476210357030206
"482","75+ years","lower",1,NA,1.6094379124341,5,0.810409329724068
"483","75+ years","mean",0,NA,1.6094379124341,5,0.617693090686735
"484","75+ years","mean",1,NA,1.6094379124341,5,0.837622929183387
"485","75+ years","upper",0,NA,1.6094379124341,5,0.725041350876559
"486","75+ years","upper",1,NA,1.6094379124341,5,0.858270908480652
"487","75+ years","lower",0,NA,1.79175946922805,6,0.448365075373498
"488","75+ years","lower",1,NA,1.79175946922805,6,0.803438100198447
"489","75+ years","mean",0,NA,1.79175946922805,6,0.598684813926211
"490","75+ years","mean",1,NA,1.79175946922805,6,0.83235145980128
"491","75+ years","upper",0,NA,1.79175946922805,6,0.712738041403401
"492","75+ years","upper",1,NA,1.79175946922805,6,0.854289110915243
"493","75+ years","lower",0,NA,1.94591014905531,7,0.423257758602609
"494","75+ years","lower",1,NA,1.94591014905531,7,0.796993506523087
"495","75+ years","mean",0,NA,1.94591014905531,7,0.581478338560508
"496","75+ years","mean",1,NA,1.94591014905531,7,0.827426559220868
"497","75+ years","upper",0,NA,1.94591014905531,7,0.701526230948127
"498","75+ years","upper",1,NA,1.94591014905531,7,0.850517258523462
"499","75+ years","lower",0,NA,2.07944154167984,8,0.400261849879202
"500","75+ years","lower",1,NA,2.07944154167984,8,0.79095503316654
"501","75+ years","mean",0,NA,2.07944154167984,8,0.565661339730714
"502","75+ years","mean",1,NA,2.07944154167984,8,0.822768918516832
"503","75+ years","upper",0,NA,2.07944154167984,8,0.691156140495222
"504","75+ years","upper",1,NA,2.07944154167984,8,0.846907307378635
"505","75+ years","lower",0,NA,2.19722457733622,9,0.37895279894915
"506","75+ years","lower",1,NA,2.19722457733622,9,0.785241019700942
"507","75+ years","mean",0,NA,2.19722457733622,9,0.550954429178778
"508","75+ years","mean",1,NA,2.19722457733622,9,0.818324798551174
"509","75+ years","upper",0,NA,2.19722457733622,9,0.681458521641312
"510","75+ years","upper",1,NA,2.19722457733622,9,0.843426703273336
"511","75+ years","lower",0,NA,2.30258509299405,10,0.359028073011551
"512","75+ years","lower",1,NA,2.30258509299405,10,0.779793275234341
"513","75+ years","mean",0,NA,2.30258509299405,10,0.537158515957453
"514","75+ years","mean",1,NA,2.30258509299405,10,0.814055905030631
"515","75+ years","upper",0,NA,2.30258509299405,10,0.672312768655924
"516","75+ years","upper",1,NA,2.30258509299405,10,0.840052248210489
"517","75+ years","lower",0,NA,2.39789527279837,11,0.340263586718459
"518","75+ years","lower",1,NA,2.39789527279837,11,0.774568697907266
"519","75+ years","mean",0,NA,2.39789527279837,11,0.524126133861244
"520","75+ years","mean",1,NA,2.39789527279837,11,0.809933873460494
"521","75+ years","upper",0,NA,2.39789527279837,11,0.663629549152629
"522","75+ years","upper",1,NA,2.39789527279837,11,0.83676675948716
"523","75+ years","lower",0,NA,2.484906649788,12,0.32248819093133
"524","75+ years","lower",1,NA,2.484906649788,12,0.769534367914001
"525","75+ years","mean",0,NA,2.484906649788,12,0.511744652973623
"526","75+ years","mean",1,NA,2.484906649788,12,0.805937039957431
"527","75+ years","upper",0,NA,2.484906649788,12,0.655340633945
"528","75+ years","upper",1,NA,2.484906649788,12,0.833557113510785
"529","75+ years","lower",0,NA,2.56494935746154,13,0.305567866908526
"530","75+ years","lower",1,NA,2.56494935746154,13,0.764664507322068
"531","75+ years","mean",0,NA,2.56494935746154,13,0.499925878169491
"532","75+ years","mean",1,NA,2.56494935746154,13,0.802048440565865
"533","75+ years","upper",0,NA,2.56494935746154,13,0.64739259600567
"534","75+ years","upper",1,NA,2.56494935746154,13,0.830413033820873
"535","75+ years","lower",0,NA,2.63905732961526,14,0.289395477882102
"536","75+ years","lower",1,NA,2.63905732961526,14,0.7599385088318
"537","75+ years","mean",0,NA,2.63905732961526,14,0.488599304827364
"538","75+ years","mean",1,NA,2.63905732961526,14,0.79825451402302
"539","75+ years","upper",0,NA,2.63905732961526,14,0.639742724897559
"540","75+ years","upper",1,NA,2.63905732961526,14,0.827326305247292
"541","75+ years","lower",0,NA,2.70805020110221,15,0.273883870417585
"542","75+ years","lower",1,NA,2.70805020110221,15,0.755339608852361
"543","75+ years","mean",0,NA,2.70805020110221,15,0.477707578968519
"544","75+ years","mean",1,NA,2.70805020110221,15,0.794544228536085
"545","75+ years","upper",0,NA,2.70805020110221,15,0.632356276607466
"546","75+ years","upper",1,NA,2.70805020110221,15,0.824290244927516
"547","75+ years","lower",0,NA,2.77258872223978,16,0.258961082501874
"548","75+ years","lower",1,NA,2.77258872223978,16,0.750853965797926
"549","75+ years","mean",0,NA,2.77258872223978,16,0.46720334379293
"550","75+ years","mean",1,NA,2.77258872223978,16,0.790908475226864
"551","75+ years","upper",0,NA,2.77258872223978,16,0.625204563234012
"552","75+ years","upper",1,NA,2.77258872223978,16,0.821299334866259
"553","75+ years","lower",0,NA,2.83321334405622,17,0.244566924834525
"554","75+ years","lower",1,NA,2.83321334405622,17,0.746470002513659
"555","75+ years","mean",0,NA,2.83321334405622,17,0.457046989893605
"556","75+ years","mean",1,NA,2.83321334405622,17,0.787339635395118
"557","75+ years","upper",0,NA,2.83321334405622,17,0.618263590107775
"558","75+ years","upper",1,NA,2.83321334405622,17,0.818348959791353
"559","75+ years","lower",0,NA,2.89037175789616,18,0.230650484974228
"560","75+ years","lower",1,NA,2.89037175789616,18,0.742177926208952
"561","75+ years","mean",0,NA,2.89037175789616,18,0.447205012783965
"562","75+ years","mean",1,NA,2.89037175789616,18,0.783831264595972
"563","75+ years","upper",0,NA,2.89037175789616,18,0.611513060810794
"564","75+ years","upper",1,NA,2.89037175789616,18,0.815435215773503
"565","75+ years","lower",0,NA,2.94443897916644,19,0.217168268294812
"566","75+ years","lower",1,NA,2.94443897916644,19,0.737969370878255
"567","75+ years","mean",0,NA,2.94443897916644,19,0.437648789497185
"568","75+ years","mean",1,NA,2.94443897916644,19,0.780377857324023
"569","75+ years","upper",0,NA,2.94443897916644,19,0.604935636062351
"570","75+ years","upper",1,NA,2.94443897916644,19,0.812554767676128
"571","75+ years","lower",0,NA,2.99573227355399,20,0.204082788631155
"572","75+ years","lower",1,NA,2.99573227355399,20,0.733837126217832
"573","75+ years","mean",0,NA,2.99573227355399,20,0.428353651117693
"574","75+ years","mean",1,NA,2.99573227355399,20,0.776974668618737
"575","75+ years","upper",0,NA,2.99573227355399,20,0.598516371875172
"576","75+ years","upper",1,NA,2.99573227355399,20,0.809704741087111
"577","75+ years","lower",0,NA,3.04452243772342,21,0.191361483007828
"578","75+ years","lower",1,NA,3.04452243772342,21,0.729774928878456
"579","75+ years","mean",0,NA,3.04452243772342,21,0.419298168585221
"580","75+ years","mean",1,NA,3.04452243772342,21,0.773617576691909
"581","75+ years","upper",0,NA,3.04452243772342,21,0.592242286908302
"582","75+ years","upper",1,NA,3.04452243772342,21,0.806882639100972
"583","75+ years","lower",0,NA,3.09104245335832,22,0.178975864189063
"584","75+ years","lower",1,NA,3.09104245335832,22,0.725777299462013
"585","75+ years","mean",0,NA,3.09104245335832,22,0.410463595004436
"586","75+ years","mean",1,NA,3.09104245335832,22,0.7703029756583
"587","75+ years","upper",0,NA,3.09104245335832,22,0.586102024628273
"588","75+ years","upper",1,NA,3.09104245335832,22,0.804086277337007
"589","75+ years","lower",0,NA,3.13549421592915,23,0.16690085059411
"590","75+ years","lower",1,NA,3.13549421592915,23,0.721839413633586
"591","75+ years","mean",0,NA,3.13549421592915,23,0.401833424675279
"592","75+ years","mean",1,NA,3.13549421592915,23,0.76702769071701
"593","75+ years","upper",0,NA,3.13549421592915,23,0.580085586177577
"594","75+ years","upper",1,NA,3.13549421592915,23,0.801313732557687
"595","75+ years","lower",0,NA,3.17805383034795,24,0.155114230429356
"596","75+ years","lower",1,NA,3.17805383034795,24,0.717956999049551
"597","75+ years","mean",0,NA,3.17805383034795,24,0.393393040448742
"598","75+ years","mean",1,NA,3.17805383034795,24,0.763788910321866
"599","75+ years","upper",0,NA,3.17805383034795,24,0.574184116749112
"600","75+ years","upper",1,NA,3.17805383034795,24,0.798563301578691
"601","18-49 years","lower",3,NA,-0.693147180559945,0.5,0.908590535377598
"602","18-49 years","mean",3,NA,-0.693147180559945,0.5,0.922571439276035
"603","18-49 years","upper",3,NA,-0.693147180559945,0.5,0.933179275798489
"604","50-64 years","lower",3,NA,-0.693147180559945,0.5,0.909822097204496
"605","50-64 years","mean",3,NA,-0.693147180559945,0.5,0.923381906141044
"606","50-64 years","upper",3,NA,-0.693147180559945,0.5,0.933670242111273
"607","18-49 years","lower",3,NA,0,1,0.897479100127854
"608","18-49 years","mean",3,NA,0,1,0.915081421908395
"609","18-49 years","upper",3,NA,0,1,0.928436964097943
"610","50-64 years","lower",3,NA,0,1,0.899029668512215
"611","50-64 years","mean",3,NA,0,1,0.916101820779168
"612","50-64 years","upper",3,NA,0,1,0.929055103460306
"613","18-49 years","lower",3,NA,0.693147180559945,2,0.883104207567397
"614","18-49 years","mean",3,NA,0.693147180559945,2,0.905265988688024
"615","18-49 years","upper",3,NA,0.693147180559945,2,0.92208096380564
"616","50-64 years","lower",3,NA,0.693147180559945,2,0.885056413507908
"617","50-64 years","mean",3,NA,0.693147180559945,2,0.906550697416324
"618","50-64 years","upper",3,NA,0.693147180559945,2,0.922859217346368
"619","18-49 years","lower",3,NA,1.09861228866811,3,0.872715275723797
"620","18-49 years","mean",3,NA,1.09861228866811,3,0.898073638625707
"621","18-49 years","upper",3,NA,1.09861228866811,3,0.917313980315674
"622","50-64 years","lower",3,NA,1.09861228866811,3,0.874949064895763
"623","50-64 years","mean",3,NA,1.09861228866811,3,0.8995436517974
"624","50-64 years","upper",3,NA,1.09861228866811,3,0.918204487969732
"625","18-49 years","lower",3,NA,1.38629436111989,4,0.864235230870093
"626","18-49 years","mean",3,NA,1.38629436111989,4,0.892137489933528
"627","18-49 years","upper",3,NA,1.38629436111989,4,0.913307981119377
"628","50-64 years","lower",3,NA,1.38629436111989,4,0.8666931089441
"629","50-64 years","mean",3,NA,1.38629436111989,4,0.893754971649595
"630","50-64 years","upper",3,NA,1.38629436111989,4,0.914287822576713
"631","18-49 years","lower",3,NA,1.6094379124341,5,0.856914035631801
"632","18-49 years","mean",3,NA,1.6094379124341,5,0.886963957615375
"633","18-49 years","upper",3,NA,1.6094379124341,5,0.909763961265344
"634","50-64 years","lower",3,NA,1.6094379124341,5,0.859561098875
"635","50-64 years","mean",3,NA,1.6094379124341,5,0.888705938408656
"636","50-64 years","upper",3,NA,1.6094379124341,5,0.910819222034098
"637","18-49 years","lower",3,NA,1.79175946922805,6,0.850384682426957
"638","18-49 years","mean",3,NA,1.79175946922805,6,0.882311521125636
"639","18-49 years","upper",3,NA,1.79175946922805,6,0.906535611932254
"640","50-64 years","lower",3,NA,1.79175946922805,6,0.853197081115946
"641","50-64 years","mean",3,NA,1.79175946922805,6,0.884162305957414
"642","50-64 years","upper",3,NA,1.79175946922805,6,0.907656784239039
"643","18-49 years","lower",3,NA,1.94591014905531,7,0.844436853405921
"644","18-49 years","mean",3,NA,1.94591014905531,7,0.878041774381459
"645","18-49 years","upper",3,NA,1.94591014905531,7,0.903539089193724
"646","50-64 years","lower",3,NA,1.94591014905531,7,0.847397072442549
"647","50-64 years","mean",3,NA,1.94591014905531,7,0.879989836906584
"648","50-64 years","upper",3,NA,1.94591014905531,7,0.904719190585066
"649","18-49 years","lower",3,NA,2.07944154167984,8,0.838937472371878
"650","18-49 years","mean",3,NA,2.07944154167984,8,0.874067142528144
"651","18-49 years","upper",3,NA,2.07944154167984,8,0.900721341771089
"652","50-64 years","lower",3,NA,2.07944154167984,8,0.842032004819156
"653","50-64 years","mean",3,NA,2.07944154167984,8,0.876103594094308
"654","50-64 years","upper",3,NA,2.07944154167984,8,0.9019549876606
"655","18-49 years","lower",3,NA,2.19722457733622,9,0.833796367883513
"656","18-49 years","mean",3,NA,2.19722457733622,9,0.87032828549542
"657","18-49 years","upper",3,NA,2.19722457733622,9,0.898046422512455
"658","50-64 years","lower",3,NA,2.19722457733622,9,0.837014422704651
"659","50-64 years","mean",3,NA,2.19722457733622,9,0.872446024731365
"660","50-64 years","upper",3,NA,2.19722457733622,9,0.899329311016599
"661","18-49 years","lower",3,NA,2.30258509299405,10,0.82894928413498
"662","18-49 years","mean",3,NA,2.30258509299405,10,0.866782917788246
"663","18-49 years","upper",3,NA,2.30258509299405,10,0.895488715622184
"664","50-64 years","lower",3,NA,2.30258509299405,10,0.832282005632725
"665","50-64 years","mean",3,NA,2.30258509299405,10,0.868976116931993
"666","50-64 years","upper",3,NA,2.30258509299405,10,0.896817316387121
"667","18-49 years","lower",3,NA,2.39789527279837,11,0.82434862699907
"668","18-49 years","mean",3,NA,2.39789527279837,11,0.86339971863796
"669","18-49 years","upper",3,NA,2.39789527279837,11,0.893029247539523
"670","50-64 years","lower",3,NA,2.39789527279837,11,0.827788592977705
"671","50-64 years","mean",3,NA,2.39789527279837,11,0.865663493286987
"672","50-64 years","upper",3,NA,2.39789527279837,11,0.894400601681675
"673","18-49 years","lower",3,NA,2.484906649788,12,0.819958045621317
"674","18-49 years","mean",3,NA,2.484906649788,12,0.860154766254836
"675","18-49 years","upper",3,NA,2.484906649788,12,0.890653526872651
"676","50-64 years","lower",3,NA,2.484906649788,12,0.823498928747213
"677","50-64 years","mean",3,NA,2.484906649788,12,0.862484952514047
"678","50-64 years","upper",3,NA,2.484906649788,12,0.892065111978938
"679","18-49 years","lower",3,NA,2.56494935746154,13,0.815749075378323
"680","18-49 years","mean",3,NA,2.56494935746154,13,0.8570293286243
"681","18-49 years","upper",3,NA,2.56494935746154,13,0.888350206102598
"682","50-64 years","lower",3,NA,2.56494935746154,13,0.819385405652229
"683","50-64 years","mean",3,NA,2.56494935746154,13,0.859422326793666
"684","50-64 years","upper",3,NA,2.56494935746154,13,0.889799841539205
"685","18-49 years","lower",3,NA,2.63905732961526,14,0.811698961185882
"686","18-49 years","mean",3,NA,2.63905732961526,14,0.85400843106838
"687","18-49 years","upper",3,NA,2.63905732961526,14,0.886110213837619
"688","50-64 years","lower",3,NA,2.63905732961526,14,0.815425953975628
"689","50-64 years","mean",3,NA,2.63905732961526,14,0.856461092474607
"690","50-64 years","upper",3,NA,2.63905732961526,14,0.887595992194652
"691","18-49 years","lower",3,NA,2.70805020110221,15,0.807789192277069
"692","18-49 years","mean",3,NA,2.70805020110221,15,0.85107989201169
"693","18-49 years","upper",3,NA,2.70805020110221,15,0.883926170697494
"694","50-64 years","lower",3,NA,2.70805020110221,15,0.811602620481725
"695","50-64 years","mean",3,NA,2.70805020110221,15,0.85358943488194
"696","50-64 years","upper",3,NA,2.70805020110221,15,0.885446406826785
"697","18-49 years","lower",3,NA,2.77258872223978,16,0.804004484434343
"698","18-49 years","mean",3,NA,2.77258872223978,16,0.848233653208185
"699","18-49 years","upper",3,NA,2.77258872223978,16,0.881791983576895
"700","50-64 years","lower",3,NA,2.77258872223978,16,0.80790058130283
"701","50-64 years","mean",3,NA,2.77258872223978,16,0.850797598716895
"702","50-64 years","upper",3,NA,2.77258872223978,16,0.88334517585031
"703","18-49 years","lower",3,NA,2.83321334405622,17,0.800332053880237
"704","18-49 years","mean",3,NA,2.83321334405622,17,0.845461301902759
"705","18-49 years","upper",3,NA,2.83321334405622,17,0.879702556179438
"706","50-64 years","lower",3,NA,2.83321334405622,17,0.804307437699833
"707","50-64 years","mean",3,NA,2.83321334405622,17,0.848077424610614
"708","50-64 years","upper",3,NA,2.83321334405622,17,0.881287356465693
"709","18-49 years","lower",3,NA,2.89037175789616,18,0.796761087175895
"710","18-49 years","mean",3,NA,2.89037175789616,18,0.842755721981793
"711","18-49 years","upper",3,NA,2.89037175789616,18,0.877653577690928
"712","50-64 years","lower",3,NA,2.89037175789616,18,0.800812701927029
"713","50-64 years","mean",3,NA,2.89037175789616,18,0.8454220107818
"714","50-64 years","upper",3,NA,2.89037175789616,18,0.879268767697422
"715","18-49 years","lower",3,NA,2.94443897916644,19,0.793282346373413
"716","18-49 years","mean",3,NA,2.94443897916644,19,0.840110834131595
"717","18-49 years","upper",3,NA,2.94443897916644,19,0.875641365372001
"718","50-64 years","lower",3,NA,2.94443897916644,19,0.797407414276985
"719","50-64 years","mean",3,NA,2.94443897916644,19,0.842825461021401
"720","50-64 years","upper",3,NA,2.94443897916644,19,0.877285837727645
"721","18-49 years","lower",3,NA,2.99573227355399,20,0.78988786967909
"722","18-49 years","mean",3,NA,2.99573227355399,20,0.837521398850713
"723","18-49 years","upper",3,NA,2.99573227355399,20,0.873662745226507
"724","50-64 years","lower",3,NA,2.99573227355399,20,0.794083852759611
"725","50-64 years","mean",3,NA,2.99573227355399,20,0.840282693638052
"726","50-64 years","upper",3,NA,2.99573227355399,20,0.875335488158737
"727","18-49 years","lower",3,NA,3.04452243772342,21,0.786570740949551
"728","18-49 years","mean",3,NA,3.04452243772342,21,0.834982864759818
"729","18-49 years","upper",3,NA,3.04452243772342,21,0.871714960110357
"730","50-64 years","lower",3,NA,3.04452243772342,21,0.79083530954089
"731","50-64 years","mean",3,NA,3.04452243772342,21,0.837789294336759
"732","50-64 years","upper",3,NA,3.04452243772342,21,0.873415044889843
"733","18-49 years","lower",3,NA,3.09104245335832,22,0.783324909699409
"734","18-49 years","mean",3,NA,3.09104245335832,22,0.832491250152257
"735","18-49 years","upper",3,NA,3.09104245335832,22,0.869795597976965
"736","50-64 years","lower",3,NA,3.09104245335832,22,0.787655916371789
"737","50-64 years","mean",3,NA,3.09104245335832,22,0.835341401337063
"738","50-64 years","upper",3,NA,3.09104245335832,22,0.871522168523518
"739","18-49 years","lower",3,NA,3.13549421592915,23,0.780145048780078
"740","18-49 years","mean",3,NA,3.13549421592915,23,0.830043049335239
"741","18-49 years","upper",3,NA,3.13549421592915,23,0.867902535140419
"742","50-64 years","lower",3,NA,3.13549421592915,23,0.784540506553675
"743","50-64 years","mean",3,NA,3.13549421592915,23,0.832935614535168
"744","50-64 years","upper",3,NA,3.13549421592915,23,0.869654799337773
"745","18-49 years","lower",3,NA,3.17805383034795,24,0.777026440565257
"746","18-49 years","mean",3,NA,3.17805383034795,24,0.827635157730731
"747","18-49 years","upper",3,NA,3.17805383034795,24,0.866033890902944
"748","50-64 years","lower",3,NA,3.17805383034795,24,0.781484504551827
"749","50-64 years","mean",3,NA,3.17805383034795,24,0.83056892286074
"750","50-64 years","upper",3,NA,3.17805383034795,24,0.867811113280122
"751","65-74 years","lower",3,NA,-0.693147180559945,0.5,0.912449970006967
"752","65-74 years","mean",3,NA,-0.693147180559945,0.5,0.925111258078839
"753","65-74 years","upper",3,NA,-0.693147180559945,0.5,0.934717852545534
"754","65-74 years","lower",3,NA,0,1,0.902338228745763
"755","65-74 years","mean",3,NA,0,1,0.918279119865264
"756","65-74 years","upper",3,NA,0,1,0.93037407225506
"757","65-74 years","lower",3,NA,0.693147180559945,2,0.889221976928147
"758","65-74 years","mean",3,NA,0.693147180559945,2,0.909291973617373
"759","65-74 years","upper",3,NA,0.693147180559945,2,0.924519833377521
"760","65-74 years","lower",3,NA,1.09861228866811,3,0.879715462881846
"761","65-74 years","mean",3,NA,1.09861228866811,3,0.902680325530536
"762","65-74 years","upper",3,NA,1.09861228866811,3,0.920104628744947
"763","65-74 years","lower",3,NA,1.38629436111989,4,0.87193766167495
"764","65-74 years","mean",3,NA,1.38629436111989,4,0.897206309712622
"765","65-74 years","upper",3,NA,1.38629436111989,4,0.916378581367892
"766","65-74 years","lower",3,NA,1.6094379124341,5,0.865209329724068
"767","65-74 years","mean",3,NA,1.6094379124341,5,0.892422929183387
"768","65-74 years","upper",3,NA,1.6094379124341,5,0.913070908480652
"769","65-74 years","lower",3,NA,1.79175946922805,6,0.859198100198447
"770","65-74 years","mean",3,NA,1.79175946922805,6,0.88811145980128
"771","65-74 years","upper",3,NA,1.79175946922805,6,0.910049110915243
"772","65-74 years","lower",3,NA,1.94591014905531,7,0.853713506523087
"773","65-74 years","mean",3,NA,1.94591014905531,7,0.884146559220868
"774","65-74 years","upper",3,NA,1.94591014905531,7,0.907237258523462
"775","65-74 years","lower",3,NA,2.07944154167984,8,0.84863503316654
"776","65-74 years","mean",3,NA,2.07944154167984,8,0.880448918516832
"777","65-74 years","upper",3,NA,2.07944154167984,8,0.904587307378635
"778","65-74 years","lower",3,NA,2.19722457733622,9,0.843881019700942
"779","65-74 years","mean",3,NA,2.19722457733622,9,0.876964798551174
"780","65-74 years","upper",3,NA,2.19722457733622,9,0.902066703273336
"781","65-74 years","lower",3,NA,2.30258509299405,10,0.839393275234341
"782","65-74 years","mean",3,NA,2.30258509299405,10,0.873655905030631
"783","65-74 years","upper",3,NA,2.30258509299405,10,0.899652248210489
"784","65-74 years","lower",3,NA,2.39789527279837,11,0.835128697907266
"785","65-74 years","mean",3,NA,2.39789527279837,11,0.870493873460494
"786","65-74 years","upper",3,NA,2.39789527279837,11,0.89732675948716
"787","65-74 years","lower",3,NA,2.484906649788,12,0.831054367914001
"788","65-74 years","mean",3,NA,2.484906649788,12,0.867457039957431
"789","65-74 years","upper",3,NA,2.484906649788,12,0.895077113510785
"790","65-74 years","lower",3,NA,2.56494935746154,13,0.827144507322068
"791","65-74 years","mean",3,NA,2.56494935746154,13,0.864528440565865
"792","65-74 years","upper",3,NA,2.56494935746154,13,0.892893033820873
"793","65-74 years","lower",3,NA,2.63905732961526,14,0.8233785088318
"794","65-74 years","mean",3,NA,2.63905732961526,14,0.86169451402302
"795","65-74 years","upper",3,NA,2.63905732961526,14,0.890766305247292
"796","65-74 years","lower",3,NA,2.70805020110221,15,0.819739608852361
"797","65-74 years","mean",3,NA,2.70805020110221,15,0.858944228536085
"798","65-74 years","upper",3,NA,2.70805020110221,15,0.888690244927516
"799","65-74 years","lower",3,NA,2.77258872223978,16,0.816213965797926
"800","65-74 years","mean",3,NA,2.77258872223978,16,0.856268475226864
"801","65-74 years","upper",3,NA,2.77258872223978,16,0.886659334866259
"802","65-74 years","lower",3,NA,2.83321334405622,17,0.812790002513659
"803","65-74 years","mean",3,NA,2.83321334405622,17,0.853659635395118
"804","65-74 years","upper",3,NA,2.83321334405622,17,0.884668959791353
"805","65-74 years","lower",3,NA,2.89037175789616,18,0.809457926208952
"806","65-74 years","mean",3,NA,2.89037175789616,18,0.851111264595972
"807","65-74 years","upper",3,NA,2.89037175789616,18,0.882715215773503
"808","65-74 years","lower",3,NA,2.94443897916644,19,0.806209370878255
"809","65-74 years","mean",3,NA,2.94443897916644,19,0.848617857324023
"810","65-74 years","upper",3,NA,2.94443897916644,19,0.880794767676128
"811","65-74 years","lower",3,NA,2.99573227355399,20,0.803037126217832
"812","65-74 years","mean",3,NA,2.99573227355399,20,0.846174668618737
"813","65-74 years","upper",3,NA,2.99573227355399,20,0.878904741087111
"814","65-74 years","lower",3,NA,3.04452243772342,21,0.799934928878456
"815","65-74 years","mean",3,NA,3.04452243772342,21,0.843777576691909
"816","65-74 years","upper",3,NA,3.04452243772342,21,0.877042639100972
"817","65-74 years","lower",3,NA,3.09104245335832,22,0.796897299462013
"818","65-74 years","mean",3,NA,3.09104245335832,22,0.8414229756583
"819","65-74 years","upper",3,NA,3.09104245335832,22,0.875206277337007
"820","65-74 years","lower",3,NA,3.13549421592915,23,0.793919413633586
"821","65-74 years","mean",3,NA,3.13549421592915,23,0.83910769071701
"822","65-74 years","upper",3,NA,3.13549421592915,23,0.873393732557687
"823","65-74 years","lower",3,NA,3.17805383034795,24,0.790996999049551
"824","65-74 years","mean",3,NA,3.17805383034795,24,0.836828910321866
"825","65-74 years","upper",3,NA,3.17805383034795,24,0.871603301578691
"826","75+ years","lower",3,NA,-0.693147180559945,0.5,0.912449970006967
"827","75+ years","mean",3,NA,-0.693147180559945,0.5,0.925111258078839
"828","75+ years","upper",3,NA,-0.693147180559945,0.5,0.934717852545534
"829","75+ years","lower",3,NA,0,1,0.902338228745763
"830","75+ years","mean",3,NA,0,1,0.918279119865264
"831","75+ years","upper",3,NA,0,1,0.93037407225506
"832","75+ years","lower",3,NA,0.693147180559945,2,0.889221976928147
"833","75+ years","mean",3,NA,0.693147180559945,2,0.909291973617373
"834","75+ years","upper",3,NA,0.693147180559945,2,0.924519833377521
"835","75+ years","lower",3,NA,1.09861228866811,3,0.879715462881846
"836","75+ years","mean",3,NA,1.09861228866811,3,0.902680325530536
"837","75+ years","upper",3,NA,1.09861228866811,3,0.920104628744947
"838","75+ years","lower",3,NA,1.38629436111989,4,0.87193766167495
"839","75+ years","mean",3,NA,1.38629436111989,4,0.897206309712622
"840","75+ years","upper",3,NA,1.38629436111989,4,0.916378581367892
"841","75+ years","lower",3,NA,1.6094379124341,5,0.865209329724068
"842","75+ years","mean",3,NA,1.6094379124341,5,0.892422929183387
"843","75+ years","upper",3,NA,1.6094379124341,5,0.913070908480652
"844","75+ years","lower",3,NA,1.79175946922805,6,0.859198100198447
"845","75+ years","mean",3,NA,1.79175946922805,6,0.88811145980128
"846","75+ years","upper",3,NA,1.79175946922805,6,0.910049110915243
"847","75+ years","lower",3,NA,1.94591014905531,7,0.853713506523087
"848","75+ years","mean",3,NA,1.94591014905531,7,0.884146559220868
"849","75+ years","upper",3,NA,1.94591014905531,7,0.907237258523462
"850","75+ years","lower",3,NA,2.07944154167984,8,0.84863503316654
"851","75+ years","mean",3,NA,2.07944154167984,8,0.880448918516832
"852","75+ years","upper",3,NA,2.07944154167984,8,0.904587307378635
"853","75+ years","lower",3,NA,2.19722457733622,9,0.843881019700942
"854","75+ years","mean",3,NA,2.19722457733622,9,0.876964798551174
"855","75+ years","upper",3,NA,2.19722457733622,9,0.902066703273336
"856","75+ years","lower",3,NA,2.30258509299405,10,0.839393275234341
"857","75+ years","mean",3,NA,2.30258509299405,10,0.873655905030631
"858","75+ years","upper",3,NA,2.30258509299405,10,0.899652248210489
"859","75+ years","lower",3,NA,2.39789527279837,11,0.835128697907266
"860","75+ years","mean",3,NA,2.39789527279837,11,0.870493873460494
"861","75+ years","upper",3,NA,2.39789527279837,11,0.89732675948716
"862","75+ years","lower",3,NA,2.484906649788,12,0.831054367914001
"863","75+ years","mean",3,NA,2.484906649788,12,0.867457039957431
"864","75+ years","upper",3,NA,2.484906649788,12,0.895077113510785
"865","75+ years","lower",3,NA,2.56494935746154,13,0.827144507322068
"866","75+ years","mean",3,NA,2.56494935746154,13,0.864528440565865
"867","75+ years","upper",3,NA,2.56494935746154,13,0.892893033820873
"868","75+ years","lower",3,NA,2.63905732961526,14,0.8233785088318
"869","75+ years","mean",3,NA,2.63905732961526,14,0.86169451402302
"870","75+ years","upper",3,NA,2.63905732961526,14,0.890766305247292
"871","75+ years","lower",3,NA,2.70805020110221,15,0.819739608852361
"872","75+ years","mean",3,NA,2.70805020110221,15,0.858944228536085
"873","75+ years","upper",3,NA,2.70805020110221,15,0.888690244927516
"874","75+ years","lower",3,NA,2.77258872223978,16,0.816213965797926
"875","75+ years","mean",3,NA,2.77258872223978,16,0.856268475226864
"876","75+ years","upper",3,NA,2.77258872223978,16,0.886659334866259
"877","75+ years","lower",3,NA,2.83321334405622,17,0.812790002513659
"878","75+ years","mean",3,NA,2.83321334405622,17,0.853659635395118
"879","75+ years","upper",3,NA,2.83321334405622,17,0.884668959791353
"880","75+ years","lower",3,NA,2.89037175789616,18,0.809457926208952
"881","75+ years","mean",3,NA,2.89037175789616,18,0.851111264595972
"882","75+ years","upper",3,NA,2.89037175789616,18,0.882715215773503
"883","75+ years","lower",3,NA,2.94443897916644,19,0.806209370878255
"884","75+ years","mean",3,NA,2.94443897916644,19,0.848617857324023
"885","75+ years","upper",3,NA,2.94443897916644,19,0.880794767676128
"886","75+ years","lower",3,NA,2.99573227355399,20,0.803037126217832
"887","75+ years","mean",3,NA,2.99573227355399,20,0.846174668618737
"888","75+ years","upper",3,NA,2.99573227355399,20,0.878904741087111
"889","75+ years","lower",3,NA,3.04452243772342,21,0.799934928878456
"890","75+ years","mean",3,NA,3.04452243772342,21,0.843777576691909
"891","75+ years","upper",3,NA,3.04452243772342,21,0.877042639100972
"892","75+ years","lower",3,NA,3.09104245335832,22,0.796897299462013
"893","75+ years","mean",3,NA,3.09104245335832,22,0.8414229756583
"894","75+ years","upper",3,NA,3.09104245335832,22,0.875206277337007
"895","75+ years","lower",3,NA,3.13549421592915,23,0.793919413633586
"896","75+ years","mean",3,NA,3.13549421592915,23,0.83910769071701
"897","75+ years","upper",3,NA,3.13549421592915,23,0.873393732557687
"898","75+ years","lower",3,NA,3.17805383034795,24,0.790996999049551
"899","75+ years","mean",3,NA,3.17805383034795,24,0.836828910321866
"900","75+ years","upper",3,NA,3.17805383034795,24,0.871603301578691
"901","18-49 years","lower",2,NA,-0.693147180559945,0.5,0.787416830280842
"902","18-49 years","lower",4,NA,-0.693147180559945,0.5,0.959110535377598
"903","18-49 years","mean",2,NA,-0.693147180559945,0.5,0.860103154098357
"904","18-49 years","mean",4,NA,-0.693147180559945,0.5,0.973091439276035
"905","18-49 years","upper",2,NA,-0.693147180559945,0.5,0.915252996059615
"906","18-49 years","upper",4,NA,-0.693147180559945,0.5,0.983699275798489
"907","50-64 years","lower",2,NA,-0.693147180559945,0.5,0.793819685375301
"908","50-64 years","lower",4,NA,-0.693147180559945,0.5,0.960342097204496
"909","50-64 years","mean",2,NA,-0.693147180559945,0.5,0.864316748399653
"910","50-64 years","mean",4,NA,-0.693147180559945,0.5,0.973901906141044
"911","50-64 years","upper",2,NA,-0.693147180559945,0.5,0.917805516029266
"912","50-64 years","upper",4,NA,-0.693147180559945,0.5,0.984190242111273
"913","18-49 years","lower",2,NA,0,1,0.732352258072379
"914","18-49 years","lower",4,NA,0,1,0.948519100127854
"915","18-49 years","mean",2,NA,0,1,0.823866231001086
"916","18-49 years","mean",4,NA,0,1,0.966121421908395
"917","18-49 years","upper",2,NA,0,1,0.893301316986944
"918","18-49 years","upper",4,NA,0,1,0.979476964097943
"919","50-64 years","lower",2,NA,0,1,0.740413619233686
"920","50-64 years","lower",4,NA,0,1,0.950069668512215
"921","50-64 years","mean",2,NA,0,1,0.829171255860913
"922","50-64 years","mean",4,NA,0,1,0.967141820779168
"923","50-64 years","upper",2,NA,0,1,0.896515006043348
"924","50-64 years","upper",4,NA,0,1,0.980095103460306
"925","18-49 years","lower",2,NA,0.693147180559945,2,0.663024528923943
"926","18-49 years","lower",4,NA,0.693147180559945,2,0.935184207567397
"927","18-49 years","mean",2,NA,0.693147180559945,2,0.778243001964646
"928","18-49 years","mean",4,NA,0.693147180559945,2,0.957345988688024
"929","18-49 years","upper",2,NA,0.693147180559945,2,0.865663581868579
"930","18-49 years","upper",4,NA,0.693147180559945,2,0.97416096380564
"931","50-64 years","lower",2,NA,0.693147180559945,2,0.67317399237647
"932","50-64 years","lower",4,NA,0.693147180559945,2,0.937136413507908
"933","50-64 years","mean",2,NA,0.693147180559945,2,0.78492216629585
"934","50-64 years","mean",4,NA,0.693147180559945,2,0.958630697416324
"935","50-64 years","upper",2,NA,0.693147180559945,2,0.869709700008319
"936","50-64 years","upper",4,NA,0.693147180559945,2,0.974939217346368
"937","18-49 years","lower",2,NA,1.09861228866811,3,0.61441969677087
"938","18-49 years","lower",4,NA,1.09861228866811,3,0.925835275723797
"939","18-49 years","mean",2,NA,1.09861228866811,3,0.746257108054152
"940","18-49 years","mean",4,NA,1.09861228866811,3,0.951193638625707
"941","18-49 years","upper",2,NA,1.09861228866811,3,0.84628710014879
"942","18-49 years","upper",4,NA,1.09861228866811,3,0.970433980315674
"943","50-64 years","lower",2,NA,1.09861228866811,3,0.626033103477126
"944","50-64 years","lower",4,NA,1.09861228866811,3,0.928069064895763
"945","50-64 years","mean",2,NA,1.09861228866811,3,0.753899664943884
"946","50-64 years","mean",4,NA,1.09861228866811,3,0.9526636517974
"947","50-64 years","upper",2,NA,1.09861228866811,3,0.850916824247817
"948","50-64 years","upper",4,NA,1.09861228866811,3,0.971324487969732
"949","18-49 years","lower",2,NA,1.38629436111989,4,0.575739114071667
"950","18-49 years","lower",4,NA,1.38629436111989,4,0.918395230870093
"951","18-49 years","mean",2,NA,1.38629436111989,4,0.720802169526304
"952","18-49 years","mean",4,NA,1.38629436111989,4,0.946297489933528
"953","18-49 years","upper",2,NA,1.38629436111989,4,0.830866954241866
"954","18-49 years","upper",4,NA,1.38629436111989,4,0.967467981119377
"955","50-64 years","lower",2,NA,1.38629436111989,4,0.588517552639662
"956","50-64 years","lower",4,NA,1.38629436111989,4,0.9208531089441
"957","50-64 years","mean",2,NA,1.38629436111989,4,0.729211411206029
"958","50-64 years","mean",4,NA,1.38629436111989,4,0.947914971649595
"959","50-64 years","upper",2,NA,1.38629436111989,4,0.835961122256693
"960","50-64 years","upper",4,NA,1.38629436111989,4,0.968447822576713
"961","18-49 years","lower",2,NA,1.6094379124341,5,0.543083357736586
"962","18-49 years","lower",4,NA,1.6094379124341,5,0.912114035631801
"963","18-49 years","mean",2,NA,1.6094379124341,5,0.69931205195093
"964","18-49 years","mean",4,NA,1.6094379124341,5,0.942163957615375
"965","18-49 years","upper",2,NA,1.6094379124341,5,0.81784862586497
"966","18-49 years","upper",4,NA,1.6094379124341,5,0.964963961265344
"967","50-64 years","lower",2,NA,1.6094379124341,5,0.556845364646749
"968","50-64 years","lower",4,NA,1.6094379124341,5,0.914761098875
"969","50-64 years","mean",2,NA,1.6094379124341,5,0.708368560810742
"970","50-64 years","mean",4,NA,1.6094379124341,5,0.943905938408656
"971","50-64 years","upper",2,NA,1.6094379124341,5,0.823334896746075
"972","50-64 years","upper",4,NA,1.6094379124341,5,0.966019222034098
"973","18-49 years","lower",2,NA,1.79175946922805,6,0.514544365730455
"974","18-49 years","lower",4,NA,1.79175946922805,6,0.906624682426957
"975","18-49 years","mean",2,NA,1.79175946922805,6,0.680531096844539
"976","18-49 years","mean",4,NA,1.79175946922805,6,0.938551521125636
"977","18-49 years","upper",2,NA,1.79175946922805,6,0.806471459595442
"978","18-49 years","upper",4,NA,1.79175946922805,6,0.962775611932254
"979","50-64 years","lower",2,NA,1.79175946922805,6,0.529165946945576
"980","50-64 years","lower",4,NA,1.79175946922805,6,0.909437081115946
"981","50-64 years","mean",2,NA,1.79175946922805,6,0.690153274822186
"982","50-64 years","mean",4,NA,1.79175946922805,6,0.940402305957414
"983","50-64 years","upper",2,NA,1.79175946922805,6,0.812300402697991
"984","50-64 years","upper",4,NA,1.79175946922805,6,0.963896784239039
"985","18-49 years","lower",2,NA,1.94591014905531,7,0.489028701503348
"986","18-49 years","lower",4,NA,1.94591014905531,7,0.901716853405921
"987","18-49 years","mean",2,NA,1.94591014905531,7,0.663739734898184
"988","18-49 years","mean",4,NA,1.94591014905531,7,0.935321774381459
"989","18-49 years","upper",2,NA,1.94591014905531,7,0.796299553232145
"990","18-49 years","upper",4,NA,1.94591014905531,7,0.960819089193724
"991","50-64 years","lower",2,NA,1.94591014905531,7,0.504418796523682
"992","50-64 years","lower",4,NA,1.94591014905531,7,0.904677072442549
"993","50-64 years","mean",2,NA,1.94591014905531,7,0.673867656851345
"994","50-64 years","mean",4,NA,1.94591014905531,7,0.937269836906584
"995","50-64 years","upper",2,NA,1.94591014905531,7,0.802434866978074
"996","50-64 years","upper",4,NA,1.94591014905531,7,0.961999190585066
"997","18-49 years","lower",2,NA,2.07944154167984,8,0.465844505673032
"998","18-49 years","lower",4,NA,2.07944154167984,8,0.897257472371878
"999","18-49 years","mean",2,NA,2.07944154167984,8,0.64848266691998
"1000","18-49 years","mean",4,NA,2.07944154167984,8,0.932387142528144
"1001","18-49 years","upper",2,NA,2.07944154167984,8,0.787057094678243
"1002","18-49 years","upper",4,NA,2.07944154167984,8,0.959041341771089
"1003","50-64 years","lower",2,NA,2.07944154167984,8,0.481932892315318
"1004","50-64 years","lower",4,NA,2.07944154167984,8,0.900352004819156
"1005","50-64 years","mean",2,NA,2.07944154167984,8,0.65907012099678
"1006","50-64 years","mean",4,NA,2.07944154167984,8,0.934423594094308
"1007","50-64 years","upper",2,NA,2.07944154167984,8,0.793470784755259
"1008","50-64 years","upper",4,NA,2.07944154167984,8,0.9602749876606
"1009","18-49 years","lower",2,NA,2.19722457733622,9,0.444522979467272
"1010","18-49 years","lower",4,NA,2.19722457733622,9,0.893156367883513
"1011","18-49 years","mean",2,NA,2.19722457733622,9,0.634451385563438
"1012","18-49 years","mean",4,NA,2.19722457733622,9,0.92968828549542
"1013","18-49 years","upper",2,NA,2.19722457733622,9,0.778557195708058
"1014","18-49 years","upper",4,NA,2.19722457733622,9,0.957406422512455
"1015","50-64 years","lower",2,NA,2.19722457733622,9,0.461253555436534
"1016","50-64 years","lower",4,NA,2.19722457733622,9,0.896374422704651
"1017","50-64 years","mean",2,NA,2.19722457733622,9,0.645461451935624
"1018","50-64 years","mean",4,NA,2.19722457733622,9,0.931806024731365
"1019","50-64 years","upper",2,NA,2.19722457733622,9,0.785226896745374
"1020","50-64 years","upper",4,NA,2.19722457733622,9,0.958689311016599
"1021","18-49 years","lower",2,NA,2.30258509299405,10,0.424730058769406
"1022","18-49 years","lower",4,NA,2.30258509299405,10,0.88934928413498
"1023","18-49 years","mean",2,NA,2.30258509299405,10,0.62142604973619
"1024","18-49 years","mean",4,NA,2.30258509299405,10,0.927182917788246
"1025","18-49 years","upper",2,NA,2.30258509299405,10,0.770666680524801
"1026","18-49 years","upper",4,NA,2.30258509299405,10,0.955888715622184
"1027","50-64 years","lower",2,NA,2.30258509299405,10,0.442056783546176
"1028","50-64 years","lower",4,NA,2.30258509299405,10,0.892682005632725
"1029","50-64 years","mean",2,NA,2.30258509299405,10,0.632828430034115
"1030","50-64 years","mean",4,NA,2.30258509299405,10,0.929376116931993
"1031","50-64 years","upper",2,NA,2.30258509299405,10,0.777574038312677
"1032","50-64 years","upper",4,NA,2.30258509299405,10,0.957217316387121
"1033","18-49 years","lower",2,NA,2.39789527279837,11,0.406218303058618
"1034","18-49 years","lower",4,NA,2.39789527279837,11,0.88578862699907
"1035","18-49 years","mean",2,NA,2.39789527279837,11,0.609243823648104
"1036","18-49 years","mean",4,NA,2.39789527279837,11,0.92483971863796
"1037","18-49 years","upper",2,NA,2.39789527279837,11,0.763286906122914
"1038","18-49 years","upper",4,NA,2.39789527279837,11,0.954469247539523
"1039","50-64 years","lower",2,NA,2.39789527279837,11,0.424102588857349
"1040","50-64 years","lower",4,NA,2.39789527279837,11,0.889228592977705
"1041","50-64 years","mean",2,NA,2.39789527279837,11,0.621013124001238
"1042","50-64 years","mean",4,NA,2.39789527279837,11,0.927103493286987
"1043","50-64 years","upper",2,NA,2.39789527279837,11,0.770416537509342
"1044","50-64 years","upper",4,NA,2.39789527279837,11,0.955840601681675
"1045","18-49 years","lower",2,NA,2.484906649788,12,0.38879872527098
"1046","18-49 years","lower",4,NA,2.484906649788,12,0.882438045621317
"1047","18-49 years","mean",2,NA,2.484906649788,12,0.597780338591181
"1048","18-49 years","mean",4,NA,2.484906649788,12,0.922634766254836
"1049","18-49 years","upper",2,NA,2.484906649788,12,0.756342532166316
"1050","18-49 years","upper",4,NA,2.484906649788,12,0.953133526872651
"1051","50-64 years","lower",2,NA,2.484906649788,12,0.407207676463158
"1052","50-64 years","lower",4,NA,2.484906649788,12,0.885978928747213
"1053","50-64 years","mean",2,NA,2.484906649788,12,0.609894911026738
"1054","50-64 years","mean",4,NA,2.484906649788,12,0.924964952514047
"1055","50-64 years","upper",2,NA,2.484906649788,12,0.763681323197059
"1056","50-64 years","upper",4,NA,2.484906649788,12,0.954545111978938
"1057","18-49 years","lower",2,NA,2.56494935746154,13,0.372323338634782
"1058","18-49 years","lower",4,NA,2.56494935746154,13,0.879269075378323
"1059","18-49 years","mean",2,NA,2.56494935746154,13,0.586938207351633
"1060","18-49 years","mean",4,NA,2.56494935746154,13,0.9205493286243
"1061","18-49 years","upper",2,NA,2.56494935746154,13,0.749774563224928
"1062","18-49 years","upper",4,NA,2.56494935746154,13,0.951870206102598
"1063","50-64 years","lower",2,NA,2.56494935746154,13,0.391228516849052
"1064","50-64 years","lower",4,NA,2.56494935746154,13,0.882905405652229
"1065","50-64 years","mean",2,NA,2.56494935746154,13,0.599379337130998
"1066","50-64 years","mean",4,NA,2.56494935746154,13,0.922942326793666
"1067","50-64 years","upper",2,NA,2.56494935746154,13,0.757311176846481
"1068","50-64 years","upper",4,NA,2.56494935746154,13,0.953319841539205
"1069","18-49 years","lower",2,NA,2.63905732961526,14,0.356673840111019
"1070","18-49 years","lower",4,NA,2.63905732961526,14,0.876258961185882
"1071","18-49 years","mean",2,NA,2.63905732961526,14,0.576639577002348
"1072","18-49 years","mean",4,NA,2.63905732961526,14,0.91856843106838
"1073","18-49 years","upper",2,NA,2.63905732961526,14,0.743535837389715
"1074","18-49 years","upper",4,NA,2.63905732961526,14,0.950670213837619
"1075","50-64 years","lower",2,NA,2.63905732961526,14,0.3760503701801
"1076","50-64 years","lower",4,NA,2.63905732961526,14,0.879985953975628
"1077","50-64 years","mean",2,NA,2.63905732961526,14,0.589390894262148
"1078","50-64 years","mean",4,NA,2.63905732961526,14,0.921021092474607
"1079","50-64 years","upper",2,NA,2.63905732961526,14,0.751260357032002
"1080","50-64 years","upper",4,NA,2.63905732961526,14,0.952155992194652
"1081","18-49 years","lower",2,NA,2.70805020110221,15,0.34175399274616
"1082","18-49 years","lower",4,NA,2.70805020110221,15,0.873389192277069
"1083","18-49 years","mean",2,NA,2.70805020110221,15,0.566821115877533
"1084","18-49 years","mean",4,NA,2.70805020110221,15,0.91667989201169
"1085","18-49 years","upper",2,NA,2.70805020110221,15,0.737587989471698
"1086","18-49 years","upper",4,NA,2.70805020110221,15,0.949526170697494
"1087","50-64 years","lower",2,NA,2.70805020110221,15,0.361579898091915
"1088","50-64 years","lower",4,NA,2.70805020110221,15,0.877202620481725
"1089","50-64 years","mean",2,NA,2.70805020110221,15,0.579868158259485
"1090","50-64 years","mean",4,NA,2.70805020110221,15,0.91918943488194
"1091","50-64 years","upper",2,NA,2.70805020110221,15,0.745491654097068
"1092","50-64 years","upper",4,NA,2.70805020110221,15,0.951046406826785
"1093","18-49 years","lower",2,NA,2.77258872223978,16,0.327484334325638
"1094","18-49 years","lower",4,NA,2.77258872223978,16,0.870644484434343
"1095","18-49 years","mean",2,NA,2.77258872223978,16,0.55743053144057
"1096","18-49 years","mean",4,NA,2.77258872223978,16,0.914873653208185
"1097","18-49 years","upper",2,NA,2.77258872223978,16,0.731899341588662
"1098","18-49 years","upper",4,NA,2.77258872223978,16,0.948431983576895
"1099","50-64 years","lower",2,NA,2.77258872223978,16,0.347740031715771
"1100","50-64 years","lower",4,NA,2.77258872223978,16,0.87454058130283
"1101","50-64 years","mean",2,NA,2.77258872223978,16,0.570760411600704
"1102","50-64 years","mean",4,NA,2.77258872223978,16,0.917437598716895
"1103","50-64 years","upper",2,NA,2.77258872223978,16,0.739974344274926
"1104","50-64 years","upper",4,NA,2.77258872223978,16,0.94998517585031
"1105","18-49 years","lower",2,NA,2.83321334405622,17,0.313798402352077
"1106","18-49 years","lower",4,NA,2.83321334405622,17,0.868012053880237
"1107","18-49 years","mean",2,NA,2.83321334405622,17,0.548424086015681
"1108","18-49 years","mean",4,NA,2.83321334405622,17,0.913141301902759
"1109","18-49 years","upper",2,NA,2.83321334405622,17,0.726443398239885
"1110","18-49 years","upper",4,NA,2.83321334405622,17,0.947382556179438
"1111","50-64 years","lower",2,NA,2.83321334405622,17,0.334466310357825
"1112","50-64 years","lower",4,NA,2.83321334405622,17,0.871987437699833
"1113","50-64 years","mean",2,NA,2.83321334405622,17,0.562025233957962
"1114","50-64 years","mean",4,NA,2.83321334405622,17,0.915757424610614
"1115","50-64 years","upper",2,NA,2.83321334405622,17,0.734682730090645
"1116","50-64 years","upper",4,NA,2.83321334405622,17,0.948967356465693
"1117","18-49 years","lower",2,NA,2.89037175789616,18,0.30063997806281
"1118","18-49 years","lower",4,NA,2.89037175789616,18,0.865481087175895
"1119","18-49 years","mean",2,NA,2.89037175789616,18,0.539764783129493
"1120","18-49 years","mean",4,NA,2.89037175789616,18,0.911475721981793
"1121","18-49 years","upper",2,NA,2.89037175789616,18,0.72119774762434
"1122","18-49 years","upper",4,NA,2.89037175789616,18,0.946373577690928
"1123","50-64 years","lower",2,NA,2.89037175789616,18,0.321704208524879
"1124","50-64 years","lower",4,NA,2.89037175789616,18,0.869532701927029
"1125","50-64 years","mean",2,NA,2.89037175789616,18,0.553626743165566
"1126","50-64 years","mean",4,NA,2.89037175789616,18,0.9141420107818
"1127","50-64 years","upper",2,NA,2.89037175789616,18,0.729595074770832
"1128","50-64 years","upper",4,NA,2.89037175789616,18,0.947988767697422
"1129","18-49 years","lower",2,NA,2.94443897916644,19,0.287961033628035
"1130","18-49 years","lower",4,NA,2.94443897916644,19,0.863042346373413
"1131","18-49 years","mean",2,NA,2.94443897916644,19,0.531421016602112
"1132","18-49 years","mean",4,NA,2.94443897916644,19,0.909870834131595
"1133","18-49 years","upper",2,NA,2.94443897916644,19,0.716143243284258
"1134","18-49 years","upper",4,NA,2.94443897916644,19,0.945401365372001
"1135","50-64 years","lower",2,NA,2.94443897916644,19,0.30940714495148
"1136","50-64 years","lower",4,NA,2.94443897916644,19,0.867167414276985
"1137","50-64 years","mean",2,NA,2.94443897916644,19,0.54553428499946
"1138","50-64 years","mean",4,NA,2.94443897916644,19,0.912585461021401
"1139","50-64 years","upper",2,NA,2.94443897916644,19,0.72469280853552
"1140","50-64 years","upper",4,NA,2.94443897916644,19,0.947045837727645
"1141","18-49 years","lower",2,NA,2.99573227355399,20,0.275720175907565
"1142","18-49 years","lower",4,NA,2.99573227355399,20,0.86068786967909
"1143","18-49 years","mean",2,NA,2.99573227355399,20,0.523365546413729
"1144","18-49 years","mean",4,NA,2.99573227355399,20,0.908321398850713
"1145","18-49 years","upper",2,NA,2.99573227355399,20,0.71126338370346
"1146","18-49 years","upper",4,NA,2.99573227355399,20,0.944462745226507
"1147","50-64 years","lower",2,NA,2.99573227355399,20,0.297534973229622
"1148","50-64 years","lower",4,NA,2.99573227355399,20,0.864883852759611
"1149","50-64 years","mean",2,NA,2.99573227355399,20,0.537721439890015
"1150","50-64 years","mean",4,NA,2.99573227355399,20,0.911082693638052
"1151","50-64 years","upper",2,NA,2.99573227355399,20,0.719959926882553
"1152","50-64 years","upper",4,NA,2.99573227355399,20,0.946135488158737
"1153","18-49 years","lower",2,NA,3.04452243772342,21,0.26388144806766
"1154","18-49 years","lower",4,NA,3.04452243772342,21,0.858410740949551
"1155","18-49 years","mean",2,NA,3.04452243772342,21,0.515574710071988
"1156","18-49 years","mean",4,NA,3.04452243772342,21,0.906822864759818
"1157","18-49 years","upper",2,NA,3.04452243772342,21,0.70654383456783
"1158","18-49 years","upper",4,NA,3.04452243772342,21,0.943554960110357
"1159","50-64 years","lower",2,NA,3.04452243772342,21,0.28605281952003
"1160","50-64 years","lower",4,NA,3.04452243772342,21,0.86267530954089
"1161","50-64 years","mean",2,NA,3.04452243772342,21,0.53016525804245
"1162","50-64 years","mean",4,NA,3.04452243772342,21,0.909629294336759
"1163","50-64 years","upper",2,NA,3.04452243772342,21,0.715382527237245
"1164","50-64 years","upper",4,NA,3.04452243772342,21,0.945255044889843
"1165","18-49 years","lower",2,NA,3.09104245335832,22,0.252413393805983
"1166","18-49 years","lower",4,NA,3.09104245335832,22,0.856204909699409
"1167","18-49 years","mean",2,NA,3.09104245335832,22,0.508027806796639
"1168","18-49 years","mean",4,NA,3.09104245335832,22,0.905371250152257
"1169","18-49 years","upper",2,NA,3.09104245335832,22,0.701972055715408
"1170","18-49 years","upper",4,NA,3.09104245335832,22,0.942675597976965
"1171","50-64 years","lower",2,NA,3.09104245335832,22,0.274930174961999
"1172","50-64 years","lower",4,NA,3.09104245335832,22,0.860535916371789
"1173","50-64 years","mean",2,NA,3.09104245335832,22,0.522845662169413
"1174","50-64 years","mean",4,NA,3.09104245335832,22,0.908221401337063
"1175","50-64 years","upper",2,NA,3.09104245335832,22,0.710948447138467
"1176","50-64 years","upper",4,NA,3.09104245335832,22,0.944402168523518
"1177","18-49 years","lower",2,NA,3.13549421592915,23,0.241288317427742
"1178","18-49 years","lower",4,NA,3.13549421592915,23,0.854065048780078
"1179","18-49 years","mean",2,NA,3.13549421592915,23,0.500706610590058
"1180","18-49 years","mean",4,NA,3.13549421592915,23,0.903963049335239
"1181","18-49 years","upper",2,NA,3.13549421592915,23,0.697537006163229
"1182","18-49 years","upper",4,NA,3.13549421592915,23,0.941822535140419
"1183","50-64 years","lower",2,NA,3.13549421592915,23,0.264140178035526
"1184","50-64 years","lower",4,NA,3.13549421592915,23,0.858460506553675
"1185","50-64 years","mean",2,NA,3.13549421592915,23,0.515744975227468
"1186","50-64 years","mean",4,NA,3.13549421592915,23,0.906855614535168
"1187","50-64 years","upper",2,NA,3.13549421592915,23,0.70664697814987
"1188","50-64 years","upper",4,NA,3.13549421592915,23,0.943574799337773
"1189","18-49 years","lower",2,NA,3.17805383034795,24,0.230481692127279
"1190","18-49 years","lower",4,NA,3.17805383034795,24,0.851986440565257
"1191","18-49 years","mean",2,NA,3.17805383034795,24,0.493594980838875
"1192","18-49 years","mean",4,NA,3.17805383034795,24,0.902595157730731
"1193","18-49 years","upper",2,NA,3.17805383034795,24,0.693228908216762
"1194","18-49 years","upper",4,NA,3.17805383034795,24,0.940993890902944
"1195","50-64 years","lower",2,NA,3.17805383034795,24,0.253659040665037
"1196","50-64 years","lower",4,NA,3.17805383034795,24,0.856444504551827
"1197","50-64 years","mean",2,NA,3.17805383034795,24,0.508847542747134
"1198","50-64 years","mean",4,NA,3.17805383034795,24,0.90552892286074
"1199","50-64 years","upper",2,NA,3.17805383034795,24,0.702468637074187
"1200","50-64 years","upper",4,NA,3.17805383034795,24,0.942771113280122
"1201","65-74 years","lower",2,NA,-0.693147180559945,0.5,0.807481921727058
"1202","65-74 years","lower",4,NA,-0.693147180559945,0.5,0.962969970006967
"1203","65-74 years","mean",2,NA,-0.693147180559945,0.5,0.873307600197087
"1204","65-74 years","mean",4,NA,-0.693147180559945,0.5,0.975631258078839
"1205","65-74 years","upper",2,NA,-0.693147180559945,0.5,0.923252013037785
"1206","65-74 years","upper",4,NA,-0.693147180559945,0.5,0.985237852545534
"1207","65-74 years","lower",2,NA,0,1,0.757614730281471
"1208","65-74 years","lower",4,NA,0,1,0.953378228745763
"1209","65-74 years","mean",2,NA,0,1,0.840490972208957
"1210","65-74 years","mean",4,NA,0,1,0.969319119865264
"1211","65-74 years","upper",2,NA,0,1,0.903372287490752
"1212","65-74 years","upper",4,NA,0,1,0.98141407225506
"1213","65-74 years","lower",2,NA,0.693147180559945,2,0.694830638745362
"1214","65-74 years","lower",4,NA,0.693147180559945,2,0.941301976928147
"1215","65-74 years","mean",2,NA,0.693147180559945,2,0.799173983708385
"1216","65-74 years","mean",4,NA,0.693147180559945,2,0.961371973617373
"1217","65-74 years","upper",2,NA,0.693147180559945,2,0.878343195771811
"1218","65-74 years","upper",4,NA,0.693147180559945,2,0.976599833377521
"1219","65-74 years","lower",2,NA,1.09861228866811,3,0.650813471754907
"1220","65-74 years","lower",4,NA,1.09861228866811,3,0.932835462881846
"1221","65-74 years","mean",2,NA,1.09861228866811,3,0.770207142939072
"1222","65-74 years","mean",4,NA,1.09861228866811,3,0.955800325530536
"1223","65-74 years","upper",2,NA,1.09861228866811,3,0.86079560237901
"1224","65-74 years","upper",4,NA,1.09861228866811,3,0.973224628744947
"1225","65-74 years","lower",2,NA,1.38629436111989,4,0.615783833907442
"1226","65-74 years","lower",4,NA,1.38629436111989,4,0.92609766167495
"1227","65-74 years","mean",2,NA,1.38629436111989,4,0.747154820149779
"1228","65-74 years","mean",4,NA,1.38629436111989,4,0.951366309712622
"1229","65-74 years","upper",2,NA,1.38629436111989,4,0.846830918059874
"1230","65-74 years","upper",4,NA,1.38629436111989,4,0.970538581367892
"1231","65-74 years","lower",2,NA,1.6094379124341,5,0.586210357030206
"1232","65-74 years","lower",4,NA,1.6094379124341,5,0.920409329724068
"1233","65-74 years","mean",2,NA,1.6094379124341,5,0.727693090686735
"1234","65-74 years","mean",4,NA,1.6094379124341,5,0.947622929183387
"1235","65-74 years","upper",2,NA,1.6094379124341,5,0.835041350876559
"1236","65-74 years","upper",4,NA,1.6094379124341,5,0.968270908480652
"1237","65-74 years","lower",2,NA,1.79175946922805,6,0.560365075373498
"1238","65-74 years","lower",4,NA,1.79175946922805,6,0.915438100198447
"1239","65-74 years","mean",2,NA,1.79175946922805,6,0.710684813926211
"1240","65-74 years","mean",4,NA,1.79175946922805,6,0.94435145980128
"1241","65-74 years","upper",2,NA,1.79175946922805,6,0.824738041403401
"1242","65-74 years","upper",4,NA,1.79175946922805,6,0.966289110915243
"1243","65-74 years","lower",2,NA,1.94591014905531,7,0.537257758602609
"1244","65-74 years","lower",4,NA,1.94591014905531,7,0.910993506523087
"1245","65-74 years","mean",2,NA,1.94591014905531,7,0.695478338560508
"1246","65-74 years","mean",4,NA,1.94591014905531,7,0.941426559220868
"1247","65-74 years","upper",2,NA,1.94591014905531,7,0.815526230948127
"1248","65-74 years","upper",4,NA,1.94591014905531,7,0.964517258523462
"1249","65-74 years","lower",2,NA,2.07944154167984,8,0.516261849879202
"1250","65-74 years","lower",4,NA,2.07944154167984,8,0.90695503316654
"1251","65-74 years","mean",2,NA,2.07944154167984,8,0.681661339730714
"1252","65-74 years","mean",4,NA,2.07944154167984,8,0.938768918516832
"1253","65-74 years","upper",2,NA,2.07944154167984,8,0.807156140495222
"1254","65-74 years","upper",4,NA,2.07944154167984,8,0.962907307378635
"1255","65-74 years","lower",2,NA,2.19722457733622,9,0.49695279894915
"1256","65-74 years","lower",4,NA,2.19722457733622,9,0.903241019700942
"1257","65-74 years","mean",2,NA,2.19722457733622,9,0.668954429178778
"1258","65-74 years","mean",4,NA,2.19722457733622,9,0.936324798551174
"1259","65-74 years","upper",2,NA,2.19722457733622,9,0.799458521641312
"1260","65-74 years","upper",4,NA,2.19722457733622,9,0.961426703273336
"1261","65-74 years","lower",2,NA,2.30258509299405,10,0.479028073011551
"1262","65-74 years","lower",4,NA,2.30258509299405,10,0.899793275234341
"1263","65-74 years","mean",2,NA,2.30258509299405,10,0.657158515957453
"1264","65-74 years","mean",4,NA,2.30258509299405,10,0.934055905030631
"1265","65-74 years","upper",2,NA,2.30258509299405,10,0.792312768655924
"1266","65-74 years","upper",4,NA,2.30258509299405,10,0.960052248210489
"1267","65-74 years","lower",2,NA,2.39789527279837,11,0.462263586718459
"1268","65-74 years","lower",4,NA,2.39789527279837,11,0.896568697907266
"1269","65-74 years","mean",2,NA,2.39789527279837,11,0.646126133861244
"1270","65-74 years","mean",4,NA,2.39789527279837,11,0.931933873460494
"1271","65-74 years","upper",2,NA,2.39789527279837,11,0.785629549152629
"1272","65-74 years","upper",4,NA,2.39789527279837,11,0.95876675948716
"1273","65-74 years","lower",2,NA,2.484906649788,12,0.44648819093133
"1274","65-74 years","lower",4,NA,2.484906649788,12,0.893534367914001
"1275","65-74 years","mean",2,NA,2.484906649788,12,0.635744652973623
"1276","65-74 years","mean",4,NA,2.484906649788,12,0.929937039957431
"1277","65-74 years","upper",2,NA,2.484906649788,12,0.779340633945
"1278","65-74 years","upper",4,NA,2.484906649788,12,0.957557113510785
"1279","65-74 years","lower",2,NA,2.56494935746154,13,0.431567866908526
"1280","65-74 years","lower",4,NA,2.56494935746154,13,0.890664507322068
"1281","65-74 years","mean",2,NA,2.56494935746154,13,0.625925878169491
"1282","65-74 years","mean",4,NA,2.56494935746154,13,0.928048440565865
"1283","65-74 years","upper",2,NA,2.56494935746154,13,0.77339259600567
"1284","65-74 years","upper",4,NA,2.56494935746154,13,0.956413033820873
"1285","65-74 years","lower",2,NA,2.63905732961526,14,0.417395477882102
"1286","65-74 years","lower",4,NA,2.63905732961526,14,0.8879385088318
"1287","65-74 years","mean",2,NA,2.63905732961526,14,0.616599304827364
"1288","65-74 years","mean",4,NA,2.63905732961526,14,0.92625451402302
"1289","65-74 years","upper",2,NA,2.63905732961526,14,0.767742724897559
"1290","65-74 years","upper",4,NA,2.63905732961526,14,0.955326305247292
"1291","65-74 years","lower",2,NA,2.70805020110221,15,0.403883870417585
"1292","65-74 years","lower",4,NA,2.70805020110221,15,0.885339608852361
"1293","65-74 years","mean",2,NA,2.70805020110221,15,0.607707578968519
"1294","65-74 years","mean",4,NA,2.70805020110221,15,0.924544228536085
"1295","65-74 years","upper",2,NA,2.70805020110221,15,0.762356276607466
"1296","65-74 years","upper",4,NA,2.70805020110221,15,0.954290244927516
"1297","65-74 years","lower",2,NA,2.77258872223978,16,0.390961082501874
"1298","65-74 years","lower",4,NA,2.77258872223978,16,0.882853965797926
"1299","65-74 years","mean",2,NA,2.77258872223978,16,0.59920334379293
"1300","65-74 years","mean",4,NA,2.77258872223978,16,0.922908475226864
"1301","65-74 years","upper",2,NA,2.77258872223978,16,0.757204563234012
"1302","65-74 years","upper",4,NA,2.77258872223978,16,0.953299334866259
"1303","65-74 years","lower",2,NA,2.83321334405622,17,0.378566924834525
"1304","65-74 years","lower",4,NA,2.83321334405622,17,0.880470002513659
"1305","65-74 years","mean",2,NA,2.83321334405622,17,0.591046989893605
"1306","65-74 years","mean",4,NA,2.83321334405622,17,0.921339635395118
"1307","65-74 years","upper",2,NA,2.83321334405622,17,0.752263590107775
"1308","65-74 years","upper",4,NA,2.83321334405622,17,0.952348959791353
"1309","65-74 years","lower",2,NA,2.89037175789616,18,0.366650484974228
"1310","65-74 years","lower",4,NA,2.89037175789616,18,0.878177926208952
"1311","65-74 years","mean",2,NA,2.89037175789616,18,0.583205012783965
"1312","65-74 years","mean",4,NA,2.89037175789616,18,0.919831264595972
"1313","65-74 years","upper",2,NA,2.89037175789616,18,0.747513060810794
"1314","65-74 years","upper",4,NA,2.89037175789616,18,0.951435215773503
"1315","65-74 years","lower",2,NA,2.94443897916644,19,0.355168268294812
"1316","65-74 years","lower",4,NA,2.94443897916644,19,0.875969370878255
"1317","65-74 years","mean",2,NA,2.94443897916644,19,0.575648789497185
"1318","65-74 years","mean",4,NA,2.94443897916644,19,0.918377857324023
"1319","65-74 years","upper",2,NA,2.94443897916644,19,0.742935636062351
"1320","65-74 years","upper",4,NA,2.94443897916644,19,0.950554767676128
"1321","65-74 years","lower",2,NA,2.99573227355399,20,0.344082788631155
"1322","65-74 years","lower",4,NA,2.99573227355399,20,0.873837126217832
"1323","65-74 years","mean",2,NA,2.99573227355399,20,0.568353651117693
"1324","65-74 years","mean",4,NA,2.99573227355399,20,0.916974668618737
"1325","65-74 years","upper",2,NA,2.99573227355399,20,0.738516371875172
"1326","65-74 years","upper",4,NA,2.99573227355399,20,0.949704741087111
"1327","65-74 years","lower",2,NA,3.04452243772342,21,0.333361483007828
"1328","65-74 years","lower",4,NA,3.04452243772342,21,0.871774928878456
"1329","65-74 years","mean",2,NA,3.04452243772342,21,0.561298168585221
"1330","65-74 years","mean",4,NA,3.04452243772342,21,0.915617576691909
"1331","65-74 years","upper",2,NA,3.04452243772342,21,0.734242286908302
"1332","65-74 years","upper",4,NA,3.04452243772342,21,0.948882639100972
"1333","65-74 years","lower",2,NA,3.09104245335832,22,0.322975864189063
"1334","65-74 years","lower",4,NA,3.09104245335832,22,0.869777299462013
"1335","65-74 years","mean",2,NA,3.09104245335832,22,0.554463595004436
"1336","65-74 years","mean",4,NA,3.09104245335832,22,0.9143029756583
"1337","65-74 years","upper",2,NA,3.09104245335832,22,0.730102024628273
"1338","65-74 years","upper",4,NA,3.09104245335832,22,0.948086277337007
"1339","65-74 years","lower",2,NA,3.13549421592915,23,0.31290085059411
"1340","65-74 years","lower",4,NA,3.13549421592915,23,0.867839413633586
"1341","65-74 years","mean",2,NA,3.13549421592915,23,0.547833424675279
"1342","65-74 years","mean",4,NA,3.13549421592915,23,0.91302769071701
"1343","65-74 years","upper",2,NA,3.13549421592915,23,0.726085586177577
"1344","65-74 years","upper",4,NA,3.13549421592915,23,0.947313732557687
"1345","65-74 years","lower",2,NA,3.17805383034795,24,0.303114230429356
"1346","65-74 years","lower",4,NA,3.17805383034795,24,0.865956999049551
"1347","65-74 years","mean",2,NA,3.17805383034795,24,0.541393040448742
"1348","65-74 years","mean",4,NA,3.17805383034795,24,0.911788910321866
"1349","65-74 years","upper",2,NA,3.17805383034795,24,0.722184116749112
"1350","65-74 years","upper",4,NA,3.17805383034795,24,0.946563301578691
"1351","75+ years","lower",2,NA,-0.693147180559945,0.5,0.807481921727058
"1352","75+ years","lower",4,NA,-0.693147180559945,0.5,0.962969970006967
"1353","75+ years","mean",2,NA,-0.693147180559945,0.5,0.873307600197087
"1354","75+ years","mean",4,NA,-0.693147180559945,0.5,0.975631258078839
"1355","75+ years","upper",2,NA,-0.693147180559945,0.5,0.923252013037785
"1356","75+ years","upper",4,NA,-0.693147180559945,0.5,0.985237852545534
"1357","75+ years","lower",2,NA,0,1,0.757614730281471
"1358","75+ years","lower",4,NA,0,1,0.953378228745763
"1359","75+ years","mean",2,NA,0,1,0.840490972208957
"1360","75+ years","mean",4,NA,0,1,0.969319119865264
"1361","75+ years","upper",2,NA,0,1,0.903372287490752
"1362","75+ years","upper",4,NA,0,1,0.98141407225506
"1363","75+ years","lower",2,NA,0.693147180559945,2,0.694830638745362
"1364","75+ years","lower",4,NA,0.693147180559945,2,0.941301976928147
"1365","75+ years","mean",2,NA,0.693147180559945,2,0.799173983708385
"1366","75+ years","mean",4,NA,0.693147180559945,2,0.961371973617373
"1367","75+ years","upper",2,NA,0.693147180559945,2,0.878343195771811
"1368","75+ years","upper",4,NA,0.693147180559945,2,0.976599833377521
"1369","75+ years","lower",2,NA,1.09861228866811,3,0.650813471754907
"1370","75+ years","lower",4,NA,1.09861228866811,3,0.932835462881846
"1371","75+ years","mean",2,NA,1.09861228866811,3,0.770207142939072
"1372","75+ years","mean",4,NA,1.09861228866811,3,0.955800325530536
"1373","75+ years","upper",2,NA,1.09861228866811,3,0.86079560237901
"1374","75+ years","upper",4,NA,1.09861228866811,3,0.973224628744947
"1375","75+ years","lower",2,NA,1.38629436111989,4,0.615783833907442
"1376","75+ years","lower",4,NA,1.38629436111989,4,0.92609766167495
"1377","75+ years","mean",2,NA,1.38629436111989,4,0.747154820149779
"1378","75+ years","mean",4,NA,1.38629436111989,4,0.951366309712622
"1379","75+ years","upper",2,NA,1.38629436111989,4,0.846830918059874
"1380","75+ years","upper",4,NA,1.38629436111989,4,0.970538581367892
"1381","75+ years","lower",2,NA,1.6094379124341,5,0.586210357030206
"1382","75+ years","lower",4,NA,1.6094379124341,5,0.920409329724068
"1383","75+ years","mean",2,NA,1.6094379124341,5,0.727693090686735
"1384","75+ years","mean",4,NA,1.6094379124341,5,0.947622929183387
"1385","75+ years","upper",2,NA,1.6094379124341,5,0.835041350876559
"1386","75+ years","upper",4,NA,1.6094379124341,5,0.968270908480652
"1387","75+ years","lower",2,NA,1.79175946922805,6,0.560365075373498
"1388","75+ years","lower",4,NA,1.79175946922805,6,0.915438100198447
"1389","75+ years","mean",2,NA,1.79175946922805,6,0.710684813926211
"1390","75+ years","mean",4,NA,1.79175946922805,6,0.94435145980128
"1391","75+ years","upper",2,NA,1.79175946922805,6,0.824738041403401
"1392","75+ years","upper",4,NA,1.79175946922805,6,0.966289110915243
"1393","75+ years","lower",2,NA,1.94591014905531,7,0.537257758602609
"1394","75+ years","lower",4,NA,1.94591014905531,7,0.910993506523087
"1395","75+ years","mean",2,NA,1.94591014905531,7,0.695478338560508
"1396","75+ years","mean",4,NA,1.94591014905531,7,0.941426559220868
"1397","75+ years","upper",2,NA,1.94591014905531,7,0.815526230948127
"1398","75+ years","upper",4,NA,1.94591014905531,7,0.964517258523462
"1399","75+ years","lower",2,NA,2.07944154167984,8,0.516261849879202
"1400","75+ years","lower",4,NA,2.07944154167984,8,0.90695503316654
"1401","75+ years","mean",2,NA,2.07944154167984,8,0.681661339730714
"1402","75+ years","mean",4,NA,2.07944154167984,8,0.938768918516832
"1403","75+ years","upper",2,NA,2.07944154167984,8,0.807156140495222
"1404","75+ years","upper",4,NA,2.07944154167984,8,0.962907307378635
"1405","75+ years","lower",2,NA,2.19722457733622,9,0.49695279894915
"1406","75+ years","lower",4,NA,2.19722457733622,9,0.903241019700942
"1407","75+ years","mean",2,NA,2.19722457733622,9,0.668954429178778
"1408","75+ years","mean",4,NA,2.19722457733622,9,0.936324798551174
"1409","75+ years","upper",2,NA,2.19722457733622,9,0.799458521641312
"1410","75+ years","upper",4,NA,2.19722457733622,9,0.961426703273336
"1411","75+ years","lower",2,NA,2.30258509299405,10,0.479028073011551
"1412","75+ years","lower",4,NA,2.30258509299405,10,0.899793275234341
"1413","75+ years","mean",2,NA,2.30258509299405,10,0.657158515957453
"1414","75+ years","mean",4,NA,2.30258509299405,10,0.934055905030631
"1415","75+ years","upper",2,NA,2.30258509299405,10,0.792312768655924
"1416","75+ years","upper",4,NA,2.30258509299405,10,0.960052248210489
"1417","75+ years","lower",2,NA,2.39789527279837,11,0.462263586718459
"1418","75+ years","lower",4,NA,2.39789527279837,11,0.896568697907266
"1419","75+ years","mean",2,NA,2.39789527279837,11,0.646126133861244
"1420","75+ years","mean",4,NA,2.39789527279837,11,0.931933873460494
"1421","75+ years","upper",2,NA,2.39789527279837,11,0.785629549152629
"1422","75+ years","upper",4,NA,2.39789527279837,11,0.95876675948716
"1423","75+ years","lower",2,NA,2.484906649788,12,0.44648819093133
"1424","75+ years","lower",4,NA,2.484906649788,12,0.893534367914001
"1425","75+ years","mean",2,NA,2.484906649788,12,0.635744652973623
"1426","75+ years","mean",4,NA,2.484906649788,12,0.929937039957431
"1427","75+ years","upper",2,NA,2.484906649788,12,0.779340633945
"1428","75+ years","upper",4,NA,2.484906649788,12,0.957557113510785
"1429","75+ years","lower",2,NA,2.56494935746154,13,0.431567866908526
"1430","75+ years","lower",4,NA,2.56494935746154,13,0.890664507322068
"1431","75+ years","mean",2,NA,2.56494935746154,13,0.625925878169491
"1432","75+ years","mean",4,NA,2.56494935746154,13,0.928048440565865
"1433","75+ years","upper",2,NA,2.56494935746154,13,0.77339259600567
"1434","75+ years","upper",4,NA,2.56494935746154,13,0.956413033820873
"1435","75+ years","lower",2,NA,2.63905732961526,14,0.417395477882102
"1436","75+ years","lower",4,NA,2.63905732961526,14,0.8879385088318
"1437","75+ years","mean",2,NA,2.63905732961526,14,0.616599304827364
"1438","75+ years","mean",4,NA,2.63905732961526,14,0.92625451402302
"1439","75+ years","upper",2,NA,2.63905732961526,14,0.767742724897559
"1440","75+ years","upper",4,NA,2.63905732961526,14,0.955326305247292
"1441","75+ years","lower",2,NA,2.70805020110221,15,0.403883870417585
"1442","75+ years","lower",4,NA,2.70805020110221,15,0.885339608852361
"1443","75+ years","mean",2,NA,2.70805020110221,15,0.607707578968519
"1444","75+ years","mean",4,NA,2.70805020110221,15,0.924544228536085
"1445","75+ years","upper",2,NA,2.70805020110221,15,0.762356276607466
"1446","75+ years","upper",4,NA,2.70805020110221,15,0.954290244927516
"1447","75+ years","lower",2,NA,2.77258872223978,16,0.390961082501874
"1448","75+ years","lower",4,NA,2.77258872223978,16,0.882853965797926
"1449","75+ years","mean",2,NA,2.77258872223978,16,0.59920334379293
"1450","75+ years","mean",4,NA,2.77258872223978,16,0.922908475226864
"1451","75+ years","upper",2,NA,2.77258872223978,16,0.757204563234012
"1452","75+ years","upper",4,NA,2.77258872223978,16,0.953299334866259
"1453","75+ years","lower",2,NA,2.83321334405622,17,0.378566924834525
"1454","75+ years","lower",4,NA,2.83321334405622,17,0.880470002513659
"1455","75+ years","mean",2,NA,2.83321334405622,17,0.591046989893605
"1456","75+ years","mean",4,NA,2.83321334405622,17,0.921339635395118
"1457","75+ years","upper",2,NA,2.83321334405622,17,0.752263590107775
"1458","75+ years","upper",4,NA,2.83321334405622,17,0.952348959791353
"1459","75+ years","lower",2,NA,2.89037175789616,18,0.366650484974228
"1460","75+ years","lower",4,NA,2.89037175789616,18,0.878177926208952
"1461","75+ years","mean",2,NA,2.89037175789616,18,0.583205012783965
"1462","75+ years","mean",4,NA,2.89037175789616,18,0.919831264595972
"1463","75+ years","upper",2,NA,2.89037175789616,18,0.747513060810794
"1464","75+ years","upper",4,NA,2.89037175789616,18,0.951435215773503
"1465","75+ years","lower",2,NA,2.94443897916644,19,0.355168268294812
"1466","75+ years","lower",4,NA,2.94443897916644,19,0.875969370878255
"1467","75+ years","mean",2,NA,2.94443897916644,19,0.575648789497185
"1468","75+ years","mean",4,NA,2.94443897916644,19,0.918377857324023
"1469","75+ years","upper",2,NA,2.94443897916644,19,0.742935636062351
"1470","75+ years","upper",4,NA,2.94443897916644,19,0.950554767676128
"1471","75+ years","lower",2,NA,2.99573227355399,20,0.344082788631155
"1472","75+ years","lower",4,NA,2.99573227355399,20,0.873837126217832
"1473","75+ years","mean",2,NA,2.99573227355399,20,0.568353651117693
"1474","75+ years","mean",4,NA,2.99573227355399,20,0.916974668618737
"1475","75+ years","upper",2,NA,2.99573227355399,20,0.738516371875172
"1476","75+ years","upper",4,NA,2.99573227355399,20,0.949704741087111
"1477","75+ years","lower",2,NA,3.04452243772342,21,0.333361483007828
"1478","75+ years","lower",4,NA,3.04452243772342,21,0.871774928878456
"1479","75+ years","mean",2,NA,3.04452243772342,21,0.561298168585221
"1480","75+ years","mean",4,NA,3.04452243772342,21,0.915617576691909
"1481","75+ years","upper",2,NA,3.04452243772342,21,0.734242286908302
"1482","75+ years","upper",4,NA,3.04452243772342,21,0.948882639100972
"1483","75+ years","lower",2,NA,3.09104245335832,22,0.322975864189063
"1484","75+ years","lower",4,NA,3.09104245335832,22,0.869777299462013
"1485","75+ years","mean",2,NA,3.09104245335832,22,0.554463595004436
"1486","75+ years","mean",4,NA,3.09104245335832,22,0.9143029756583
"1487","75+ years","upper",2,NA,3.09104245335832,22,0.730102024628273
"1488","75+ years","upper",4,NA,3.09104245335832,22,0.948086277337007
"1489","75+ years","lower",2,NA,3.13549421592915,23,0.31290085059411
"1490","75+ years","lower",4,NA,3.13549421592915,23,0.867839413633586
"1491","75+ years","mean",2,NA,3.13549421592915,23,0.547833424675279
"1492","75+ years","mean",4,NA,3.13549421592915,23,0.91302769071701
"1493","75+ years","upper",2,NA,3.13549421592915,23,0.726085586177577
"1494","75+ years","upper",4,NA,3.13549421592915,23,0.947313732557687
"1495","75+ years","lower",2,NA,3.17805383034795,24,0.303114230429356
"1496","75+ years","lower",4,NA,3.17805383034795,24,0.865956999049551
"1497","75+ years","mean",2,NA,3.17805383034795,24,0.541393040448742
"1498","75+ years","mean",4,NA,3.17805383034795,24,0.911788910321866
"1499","75+ years","upper",2,NA,3.17805383034795,24,0.722184116749112
"1500","75+ years","upper",4,NA,3.17805383034795,24,0.946563301578691
